86
0.5831 -0.2527 -0.7119 0.4125 -1.4639 0.8408 -0.7394 -0.4481 -1.6116 0.0171 0.9391 -0.0810 -0.0902 -0.2145 2.5091 0.0929 -0.7895 -0.6751 0.5648 0.1116 0.4084 0.2880 -2.0033 0.1852 0.6528 -1.3066 0.9116 -0.0044 -1.0536 -0.0631 -0.9688 -0.2283 0.2664 0.8969 -1.4799 -1.0088 0.4604 0.2146 0.3507 0.7478 -1.4421 -1.8229 0.1441 -0.8078 0.0514 -0.9641 -1.3278 1.4502 0.1141 -0.7156 -0.6744 -1.1685 -0.3471 0.1552 2.1577 0.6321 -1.0598 -2.4643 -0.6038 -1.1505 1.5401 -0.4013 1.8766 2.1032 0.6433 -0.5540 0.0848 0.1052 -1.5040 0.3250 1.0560 0.6878 -1.7535 0.0696 0.1320 0.3483 1.1134 0.7827 -2.6653 0.9828 0.3957 -2.4582 0.0371 -0.0386 0.7630 -0.5564
0.8548 -0.3105 1.0681 1.7916 1.3468 0.2498 -0.1543 -0.6956 1.2113 1.4352 -0.4391 -0.1651 -0.3062 -0.4464 0.0018 0.2356 1.0421 0.1188 -0.5440 0.1403 0.2027 0.5545 -1.7246 -0.1994 -0.2237 -1.0320 1.0689 -0.1567 -0.4635 2.1362 -0.1335 -1.0673 0.1448 -0.8647 0.7609 1.4207 0.3039 -0.1602 -0.5617 -2.2384 0.8360 -1.1526 0.0120 0.2790 -1.3183 2.1671 2.1661 -0.3306 -0.6006 -0.5943 -0.6480 1.2437 -0.1145 -0.0487 0.6110 0.3259 -0.4926 0.8538 -0.1668 0.6388 2.7925 1.4504 1.2635 1.0519 0.1877 -0.3253 1.9879 2.1258 -0.0603 -0.1044 -1.0606 -0.8554 1.3796 0.1633 -0.6284 1.8788 -0.0533 -1.4727 1.9420 0.4966 1.2445 2.0735 1.9899 0.6078 -0.1540 -0.9795
-0.3916 0.1731 -2.0084 -1.4109 -0.9119 -0.2144 1.1738 0.0154 0.9202 0.9317 1.0328 0.9926 -1.1871 0.5812 2.2000 -0.6796 -0.6320 0.4893 -1.0201 0.7048 -1.6594 0.9370 -0.9123 -1.4029 -1.1577 -0.7413 0.1723 1.2687 0.9423 0.1606 0.3895 0.6247 0.4306 -2.3259 0.8117 -0.7090 -0.7801 -0.0799 2.1508 -0.3682 -0.1034 -0.6423 1.1846 0.1883 0.1271 -0.8327 -1.0416 -0.0220 -1.2663 -0.5956 0.6536 -1.2951 0.4459 1.4658 -0.9365 -1.6401 -0.4360 1.7353 -1.4394 0.4533 -1.7030 -0.1352 -0.6108 -0.4139 -0.7613 0.8366 -1.3142 -0.8074 -0.2345 -0.0027 -1.5835 -0.0240 0.6013 -0.7299 -0.9982 1.1534 1.0570 -0.5909 -0.7594 -0.5348 0.8857 0.7079 -0.5298 -1.1942 0.3824 -2.0934
0.2999 -0.5821 -1.5801 -1.4042 -0.6634 -1.5812 0.0235 -0.5109 -0.8521 0.3730 1.7270 -0.5894 0.9565 0.8440 0.3125 -0.9405 0.1058 0.2545 -1.9452 -0.3056 -0.6128 0.7942 1.1993 -1.6462 -0.7249 -0.7035 -0.3832 -0.2411 -0.1664 -0.1663 -0.1900 0.8299 -0.0691 -0.1357 -2.5234 0.5093 -1.6156 -0.3517 -0.6761 -0.9949 0.2476 0.1529 -0.0026 -1.1501 -0.6038 0.8184 0.8002 -1.5649 1.3006 1.1079 -0.2898 0.5387 -0.4045 0.6091 -1.1048 -0.0733 -1.2468 1.4273 -1.1382 0.9656 -0.2623 0.8830 0.4229 0.6688 -0.6949 -1.9454 0.1308 -0.5890 0.0979 0.5396 -0.7738 0.5718 -0.6050 1.3905 1.2067 0.7265 -2.6090 1.3987 1.7738 -1.9372 -0.8714 1.6220 -0.7590 0.6872 0.7823 0.2913
-1.9184 1.9365 -0.2701 -1.0148 1.1196 -0.3853 -0.3076 0.0039 0.0388 -0.9502 0.1644 0.9610 0.1123 1.0593 -0.3026 -0.1047 0.7448 -0.0861 -0.8638 0.8187 1.5556 0.4672 -0.8905 -0.5673 1.4226 -1.1139 -0.5344 -0.1854 0.2839 -0.9472 -0.5603 0.8996 -0.3552 0.9712 -1.6289 -0.8365 1.4888 1.0037 -0.2857 0.0416 -1.3009 0.7300 1.7220 0.5034 -0.1448 -1.3626 0.3672 -0.0221 1.9746 0.8583 0.1753 1.2858 -0.5958 -1.2121 -0.4203 -0.0117 1.4251 1.7026 -0.1612 0.8388 -0.1104 0.4044 -1.3863 0.7676 0.5082 -0.1350 0.4936 1.0979 1.1439 1.8791 -0.5541 2.4897 0.1367 0.5211 0.0117 0.2371 -0.6023 0.4039 0.8603 0.6590 1.7379 0.9279 1.3738 -0.2803 0.2288 1.2450
2.5856 -0.0959 0.9760 -0.4145 0.3097 -0.9687 0.5649 -0.4540 -0.9214 -2.1268 0.6168 -0.5482 2.3413 1.5649 0.4615 1.6290 -0.2469 -0.5682 -0.9963 -0.3501 0.6961 -0.6404 -1.2763 0.6810 -0.7250 -0.7153 -0.2482 -0.2248 0.6327 0.8402 0.9448 -0.0157 -0.7947 -0.5169 -0.3902 -0.7033 -1.9773 0.1970 -1.2095 -0.5573 -0.3276 1.7127 -0.0486 1.2546 0.5997 0.0122 -0.7271 -0.3644 1.3116 -0.2214 0.0791 -0.7353 -0.1426 0.4364 0.9749 -1.6890 -1.0854 -1.2896 -0.0368 -1.5876 -1.0300 0.2753 -0.1371 -1.8929 1.2099 0.3744 -1.4525 -1.0166 -2.5135 0.0465 -0.3502 -0.5373 -1.4194 0.8352 -0.4554 1.6454 1.1947 1.5539 1.2938 -0.1324 -0.3517 -0.3445 -2.0172 -0.5298 0.8166 0.1103
0.0747 0.6470 -0.1192 0.7494 -1.1630 -1.3765 1.0432 -1.1190 -0.0750 0.0018 -0.5996 0.8057 0.6426 -0.1859 -0.0554 1.7387 -1.1631 -1.4424 0.2700 -0.3848 -0.4069 -0.2843 -0.0933 0.1007 0.3666 -0.0872 -2.1558 -0.1855 -0.4552 -0.4979 -0.6183 -1.8100 -0.1259 0.0795 0.4510 -1.3697 -0.2364 0.6421 1.5618 1.6130 -1.0899 1.4992 1.8706 -0.3358 1.5841 0.2627 1.2343 1.0146 -0.1106 1.3534 1.6803 -0.5723 1.0244 -0.6154 -1.1329 -0.1065 -0.1305 0.9148 1.3140 -0.5986 0.5389 -0.2924 -0.8993 0.2718 1.1741 -0.3460 -1.7490 0.9364 1.2471 -0.8847 -0.5314 0.5737 1.5591 -1.0875 0.6385 1.3858 0.6194 0.3094 -0.5186 0.1879 1.3802 0.3560 0.2650 1.9074 -0.0865 0.3969
-1.1707 0.7995 -0.8732 -0.7074 0.2932 -2.2925 0.6481 -0.3755 0.3642 -0.0569 -0.5200 1.3073 0.5308 -0.4109 -0.6647 0.2459 -0.4835 1.3655 0.4974 0.1577 0.9956 0.0517 2.8309 0.9146 1.5299 0.0257 -0.7929 0.4898 -0.7684 0.3925 2.2481 0.4895 2.2214 0.8423 -1.1426 -3.0121 0.1276 -0.1651 -1.0321 1.4555 -0.7414 0.2082 0.3117 1.3036 -0.0136 -0.0642 0.7339 1.0270 -0.7313 -1.0595 0.2464 0.3868 -0.1673 0.4468 -0.7005 0.2544 -0.2007 1.1822 -0.4113 -0.8871 0.3981 0.5653 -1.7310 -0.2683 0.0611 -1.7431 0.0556 -0.2965 0.4708 -1.0834 -0.3959 0.9625 -0.0754 -0.6543 0.9506 -0.3845 0.5504 -0.8151 -1.0333 -0.2217 -0.0376 0.4562 -1.4977 1.5473 -0.7783 0.4655
-0.9348 1.0576 -0.6176 0.6477 0.2619 0.1628 -1.2406 1.3207 0.1970 -0.0719 -0.0572 0.6639 0.0202 1.2264 -1.3792 -0.7190 -1.0265 -0.0479 -3.1468 0.3998 0.9224 0.3641 2.9026 -1.7612 -0.0018 -0.4341 -1.1813 0.1352 -0.6403 0.0103 1.1793 -0.9176 -1.2879 0.2901 1.2214 -0.5016 3.7534 -0.4758 -0.3439 0.2934 -0.9653 0.2860 0.5009 -0.5971 -0.8660 0.9910 1.7685 0.5030 1.6831 -0.0677 -1.0076 1.0396 0.5449 0.9961 -0.4793 0.0169 0.2076 -0.3460 -0.4046 -1.7470 -0.3371 0.2290 0.4980 2.2582 -1.8948 0.9352 1.0214 -0.5674 -0.7645 -1.3961 -0.9735 1.2715 -0.2155 -0.6680 -0.9151 -0.7062 1.7856 0.8077 -0.9403 0.5328 -0.2796 2.1378 -0.1773 1.3406 0.0644 0.2615
0.4956 1.3905 -0.4397 0.1110 1.1640 0.7763 -0.7417 1.2760 -1.2389 -1.4879 -0.2962 0.5045 -0.1761 -2.5908 0.3258 -1.6393 -0.0768 0.1822 0.8185 -0.9417 0.8289 -0.1934 1.2303 0.6553 -0.2449 0.3535 -1.8571 -0.7048 -0.9849 0.6376 -0.1453 -0.6877 1.1449 -1.5719 -1.0082 0.3387 -0.0261 0.1548 -1.1909 -1.8692 -1.5020 1.9096 -0.2490 0.3973 1.9054 1.1202 -0.2071 -0.6531 0.9975 -1.5359 0.0483 0.0521 1.1486 0.8400 -1.0702 0.2528 -3.1104 -0.7352 -0.7440 0.7064 -0.9657 1.4914 -1.3435 -1.0369 2.2580 -0.1921 0.7604 1.1136 -0.4470 -0.1756 -0.2995 -0.9086 -0.4959 0.2525 -0.9740 1.7293 0.1528 1.4823 1.1474 -0.5382 0.1146 1.0020 -1.2675 1.2197 0.4759 -0.8748
-0.6527 -0.1201 0.3459 0.0058 1.4017 -0.5737 0.4500 3.7172 0.2297 -1.3615 0.6797 -0.7779 0.9421 -0.9291 -0.6209 1.1947 -0.1641 -0.2706 0.6209 0.5444 0.1223 0.0589 0.4273 -0.6353 1.2485 -0.4802 -2.1673 -0.6544 -1.1886 -1.5215 1.1708 1.0026 -0.2679 1.5603 0.1292 -1.1916 0.9835 1.4922 -0.4432 -0.4396 0.8151 -0.1112 0.0975 -1.5018 -0.7896 -0.9068 -0.6187 -1.4455 -0.0479 0.5507 -0.9470 -1.9335 -1.9259 -0.2234 0.0342 1.1124 0.7859 -0.5998 0.2167 -0.1515 -0.3700 -0.9869 -1.7646 -0.6750 0.5200 0.6383 0.2907 2.5582 0.9645 -1.5062 -0.7913 -0.2762 -0.2523 1.0708 0.8361 0.0581 -0.6870 0.3450 0.1820 0.7310 0.4279 -0.9090 0.3614 -0.6189 -0.9001 1.1248
-0.1948 0.1421 -2.5447 -2.0710 1.0756 0.0883 0.0544 0.8195 -1.1321 -0.5316 0.6412 -0.5201 0.4377 -1.0317 -0.2469 -0.1303 0.6870 0.5927 0.6106 -0.2077 -1.2375 0.1810 -1.3844 -1.4435 -0.9687 -1.9969 1.1261 -0.1353 0.7354 -0.0975 0.9559 1.1986 0.3108 -0.2465 0.2201 -1.4812 -0.4281 -0.7465 -0.7499 0.3806 -0.4508 1.6996 1.1901 0.0781 -0.9176 1.1044 -1.5186 0.4297 0.2157 0.4838 0.4825 -0.1359 -0.1680 -0.2872 -0.3749 -0.6279 -0.9525 -0.2791 0.6519 0.1528 -0.6468 -0.3221 -0.5983 0.4157 -0.0680 -0.4976 0.0799 1.1221 0.4453 0.9215 -0.5813 -2.1080 0.8949 0.5858 -0.5489 1.3630 -1.1474 0.3334 0.6984 -1.7555 -0.3258 0.6637 -0.3248 1.1382 -1.2606 0.0821
0.9376 -0.2078 1.4864 -0.8392 -2.3247 -0.6514 -1.1714 0.3489 1.3343 0.3039 0.5853 0.0774 0.0736 1.8385 -0.7831 -0.6465 -0.5897 -2.1877 -0.6146 0.0485 -2.1899 1.6955 2.3115 -1.4733 -1.8672 -1.2610 1.3456 -1.5513 -0.0577 0.2505 -1.7098 0.0804 0.3558 -2.5858 -1.0643 -1.0756 0.3277 -0.8136 -1.6808 -1.3768 0.4237 0.6001 1.0121 0.1942 -1.1084 1.5389 -0.6253 0.2530 -0.1114 1.1188 -0.9139 0.3439 0.1100 -1.7404 -0.5944 0.1996 0.0927 -1.5501 -0.8722 0.9641 2.6502 -0.9924 0.1830 0.3472 0.6002 -0.2226 0.0977 2.6705 1.4272 2.1093 0.1312 0.2400 1.4674 1.6811 1.4317 -0.2487 -1.0870 -0.7211 -1.4121 -0.1700 0.8117 0.2552 0.5925 0.6748 -0.1434 -0.5189
1.3215 -0.6712 -1.4088 -0.5697 1.4184 1.0960 -1.1145 2.5520 -1.2611 0.8450 0.7022 -0.6742 -0.1021 -0.2667 0.6306 0.2352 1.1501 -0.7408 1.1479 -0.8649 -1.4027 -1.2623 1.1203 1.1912 -0.9175 -0.7746 1.7444 0.8021 -0.4603 -0.5750 -0.2513 -0.8397 -0.3853 0.0605 0.5682 0.2437 -0.5997 -1.0682 -0.5178 1.3557 0.8887 -0.4321 1.5672 -0.4759 -0.1987 0.7912 -0.5769 -1.4848 -2.3429 0.5159 0.4274 -0.4149 -0.0213 -1.4686 0.9110 0.2713 -1.0931 0.5409 -0.1376 -0.7336 -0.7765 -0.0395 -0.2197 -0.8614 -1.4293 -0.0914 -0.8231 1.0650 0.9626 -1.7461 0.9203 0.0251 2.3281 -0.2254 0.1197 0.4578 -1.2328 -0.4754 0.2055 0.1080 -0.4242 1.2241 0.3509 -0.5232 -0.8340 0.5885
-0.0853 -1.0598 -1.8846 -0.3016 -1.0325 2.2390 -1.3232 -2.0720 -1.1001 0.7283 0.7989 -0.6532 0.3483 -1.1603 1.2808 -0.9954 -0.3588 -0.3377 0.0577 1.0944 -0.5745 0.8652 -1.6101 0.6918 0.3634 0.7103 0.3353 -1.5492 -0.9138 -0.4847 0.2262 -0.1649 0.8180 1.1147 0.4785 0.9769 1.7768 0.7757 -0.3803 1.0736 -0.7484 0.7223 -0.7664 0.6078 0.5989 1.1851 -0.4933 -1.4942 0.1266 0.8389 0.8650 0.5642 -1.6500 1.4689 -0.8792 2.2557 -0.4149 -0.0826 -0.9998 0.1979 -1.2908 -0.6191 -0.2759 -0.0650 -0.3465 -0.6772 0.1848 0.1282 -1.4846 -0.8577 0.9829 0.1966 0.7585 0.2326 -0.6108 -0.7460 -0.1144 -0.0278 1.1170 0.8866 -0.2520 -0.0135 1.5971 2.1395 -0.9310 -0.3113
-1.3794 -2.0296 0.2437 1.3937 -1.2383 -0.5155 -1.3238 -0.5761 1.1275 -1.5744 -0.6794 0.7640 0.8530 -1.2318 -1.1034 -0.8042 -0.3695 -1.3580 0.4795 -0.0244 1.3016 -1.3014 -0.6388 -1.5383 -0.4706 -0.1218 -0.9863 1.0169 -0.6578 1.7224 0.7124 0.8445 1.7981 -1.4609 -0.3328 1.4868 -0.0554 0.8642 0.3002 -0.5279 0.2358 -0.8094 -0.8398 -0.5593 -1.7011 0.2061 0.9534 1.2558 -0.4929 -0.3104 -1.2479 -0.8496 -0.1075 -0.7501 -0.8959 1.5265 -0.2923 0.0971 0.6512 -0.1908 -0.6727 1.4003 0.9340 2.2648 0.3194 -0.3398 -0.2183 -1.0794 0.9352 1.4484 2.8187 -1.0740 0.3050 -0.6530 -1.1573 0.8327 -0.7071 0.2708 0.9451 0.5456 0.6565 -0.2200 -1.0369 -0.8916 0.9572 -0.0873
2.2646 -0.9226 -0.2547 2.4075 -0.9510 0.9675 -0.3462 2.8489 1.6521 -1.0405 1.6625 0.5210 -1.0531 -0.9416 0.3584 -1.2747 -0.1918 -0.5450 -0.1137 0.5549 0.8361 1.4828 0.4931 0.0375 -1.5134 0.4895 1.5461 -0.9821 -1.0826 1.0587 -1.5525 0.1409 0.6842 -1.2168 -0.8352 -0.5836 -0.4979 1.2909 1.0327 0.8516 1.5579 0.4644 -0.4879 -0.9063 0.6655 -0.8788 -0.0968 1.1162 -1.0333 0.7751 -0.2611 -1.5842 0.9008 0.4598 1.0874 -1.8727 0.6383 -0.8839 1.4718 0.6132 -1.3285 -0.6692 1.4201 -0.0333 0.6904 -0.3294 0.7342 -0.4034 -1.1114 1.0672 0.2406 -1.0409 0.6676 -1.7418 0.1621 0.3825 -2.2223 0.8763 -0.8953 -0.6174 -0.5746 -0.2238 1.5043 0.3344 -1.3160 0.2262
-0.8119 1.5263 0.0770 -0.6232 0.1819 -0.2880 0.7279 1.3005 0.7176 1.5624 0.2823 0.9626 -2.3312 0.2333 0.2506 0.2819 0.3063 0.1087 -1.1335 -0.8886 1.8772 -0.1257 -0.4584 -0.2446 -1.0119 -0.0072 0.2217 1.0182 0.5949 0.6435 0.7366 -1.1844 -0.2965 -1.0809 -0.1937 1.1524 0.0725 -0.8441 -0.3374 -0.5815 -1.5647 0.1953 1.7874 0.1744 0.1642 0.2636 0.8641 1.2688 1.5426 -0.0496 1.3069 -0.1121 -0.2236 -0.7424 0.8448 -0.0013 1.9291 -2.0281 1.1618 -0.1239 0.9096 -0.6387 0.2336 -0.6793 1.8523 -1.6308 0.3442 -0.3063 -1.9781 -0.4186 -0.1297 -0.0484 -0.3375 0.2990 1.3326 -1.3434 -0.7244 1.6521 0.8256 -1.4099 0.6894 1.2337 0.0513 0.0353 -1.2528 -1.3009
-0.3057 -2.1700 1.5035 -1.7732 0.9050 0.6813 1.8709 0.5259 0.1649 1.2754 -1.6973 -1.3540 0.7419 -0.0393 -0.2650 0.1969 -0.5613 -0.0502 -1.5610 1.9190 -1.1371 -1.8141 0.5122 -0.7333 0.1099 0.8830 0.0116 1.0686 0.1200 -0.2599 0.5451 0.7905 0.1184 2.2175 1.1167 -0.0951 -0.5592 -0.0963 0.7758 0.5384 1.1301 1.5657 -2.4265 -1.2959 -1.4319 1.3374 1.5214 -1.0889 -1.5657 -0.1799 -2.5738 1.4286 0.7290 1.3406 0.3761 1.7052 0.6526 1.2851 -1.8048 0.5221 -0.1327 -0.2361 -1.3030 1.2714 -0.2671 0.1866 0.8084 -3.0651 -1.1935 -0.2398 0.3581 -1.5137 -0.4876 1.3670 -3.3149 0.0717 0.7487 0.0391 0.4873 -1.3098 0.1212 0.9913 0.1481 0.7103 0.8204 -0.5253
-1.0990 -0.4631 0.3158 0.6335 1.9565 -0.6312 -0.5594 0.5079 1.2141 0.4885 -0.7318 -1.0467 -1.2018 -0.8371 0.0127 -0.4031 1.6503 1.4243 -0.3340 1.1266 -0.9489 -0.9229 0.0334 0.0045 -0.1590 0.0254 0.1661 -0.3378 -1.7376 -0.7377 0.2585 0.8124 -0.4464 -0.4424 0.3311 0.6731 -0.2702 -1.1241 1.1706 0.8898 0.9207 -0.8238 0.6278 1.8520 -0.2209 0.0243 0.1881 -0.2380 1.0708 0.5275 1.6064 -0.1897 2.0668 0.5783 -1.1386 0.1117 0.4035 0.7643 -1.9842 0.1584 -1.2046 -0.9848 -0.9936 1.2626 2.0287 0.0198 -1.1123 0.4452 -0.6575 -0.3158 1.1887 0.0367 0.2607 -0.6970 0.2503 -0.5285 0.3806 -1.5040 -0.3052 0.6215 -0.5552 0.6796 -0.0711 -0.7744 0.5966 -0.1034
-0.4753 0.9256 0.3601 -0.9964 -0.1124 0.1973 0.4356 -0.0584 0.1647 -0.1081 -0.7335 -0.1337 0.0730 -0.0389 0.2630 -0.4561 0.7569 -1.7178 -0.7287 -0.7728 -1.7287 0.3761 0.6302 -0.1908 0.4934 1.2418 1.7297 0.7840 2.5333 0.9064 -0.7113 0.5930 1.3465 0.9427 1.2299 -0.0277 -1.0427 -0.1672 0.7708 3.7293 1.2043 -0.8168 -0.0760 1.3270 -1.0189 0.9040 1.0920 -0.0287 -0.5654 0.7028 0.2907 -0.7130 1.3538 -0.2875 -0.9208 -1.5140 0.6106 0.6318 -0.0530 -0.0883 -1.3546 -1.0991 0.4374 0.8433 0.7841 1.4590 0.7630 0.3577 0.0071 0.7509 -1.1968 -0.3809 0.3778 1.8437 -0.7591 1.8414 -0.4868 -0.6407 -2.0474 0.4539 0.1533 1.3924 0.3680 0.0127 -0.1366 0.5285
-1.2914 1.3825 -2.0300 0.8225 0.2420 0.6351 0.0263 -0.6319 -1.7907 1.6571 -0.0449 -0.2039 0.9831 2.2507 1.4603 0.4356 1.8085 0.1653 -0.3400 -0.3060 2.1703 -0.1854 0.1120 -0.8459 -0.3883 0.4024 -1.4543 1.8302 -1.0176 0.0047 1.3606 -0.1466 0.5283 0.2979 -0.3360 0.6612 -0.5329 0.9055 -0.3832 -1.3225 -0.3996 -0.6977 0.0463 -0.9976 0.1643 -1.0543 -0.2018 -1.0016 -1.1512 -0.4507 -0.2994 0.2060 0.1020 0.3283 -0.0069 0.9419 -1.6500 0.6348 -0.8014 0.2934 -0.0065 0.1821 -0.1526 2.0356 1.2437 -2.3069 -1.4703 0.5900 1.1255 0.1804 0.0511 -0.1286 -0.2320 -0.6641 -1.4206 -0.1883 0.0758 0.8517 -2.3787 -0.3890 -0.5134 0.9823 1.3569 0.6073 -0.6399 -0.0643
0.5520 -0.3381 -0.1789 -0.5635 0.0530 -1.3522 -1.0343 -0.1513 2.1259 -1.6421 0.2768 1.5521 -0.4634 1.4260 -0.4995 -0.5680 0.6707 -1.2109 0.1290 -0.6908 1.4853 -1.1499 2.2009 -0.9778 0.2978 -0.4536 0.5525 -1.8172 -0.3547 1.2576 0.1265 -1.3330 0.9080 -0.1722 -0.2922 -1.3516 -0.4742 0.7051 -0.5785 1.5081 -1.8633 0.5240 0.0616 0.4978 -0.0255 1.7797 2.0319 -0.1183 -0.3239 0.1276 0.4250 1.2972 0.7882 -0.2307 0.2564 -0.1208 0.7403 0.8630 -2.4349 -1.9654 1.5547 1.2070 0.6875 -0.1207 -0.1774 0.4990 2.2498 2.0002 -0.7792 -0.3215 0.5206 -0.2304 0.5491 1.2932 0.1048 1.1524 1.0791 -0.2968 0.1906 -0.8268 -0.7725 -0.9884 -0.0555 0.3732 1.5612 1.7054
-0.7720 -0.3525 -0.0971 -0.8488 -0.7822 0.7098 -0.3647 0.5435 0.7530 -1.2631 0.8379 -0.1939 2.0108 0.0094 0.6512 -0.9336 -1.6017 -0.0817 0.9644 -0.7475 0.1430 -0.1290 -0.6309 0.2592 1.4530 -0.1797 -2.1387 -0.6473 -1.1764 0.5659 -0.7362 -1.0901 0.7661 0.5361 -0.2352 -0.3376 -1.9534 1.0262 -0.3784 -0.5271 -0.2191 1.6246 1.6243 0.3151 1.8834 -0.5587 1.3073 -0.3032 -0.7069 1.3621 -0.0368 0.8278 1.4176 0.5858 -0.4215 -0.1801 -0.0826 0.7377 -0.1911 -1.4030 2.2963 -0.5831 -0.4161 -0.1084 0.4009 -1.9017 0.4239 -0.5378 0.2410 -1.5522 0.6965 -0.5960 0.7210 1.8751 0.7896 0.4820 0.5184 -0.2778 0.8732 0.1118 2.0171 1.6747 -1.6297 2.0268 1.2063 0.2640
-0.5435 -1.7743 1.7020 -0.5651 0.9687 -0.4993 -1.2625 0.0718 -0.3191 -0.1500 -0.0394 2.0249 0.1139 -0.4564 2.3972 0.3171 0.1695 0.1578 1.1979 -1.1450 -0.6021 -0.8570 -0.5994 0.7548 1.8241 0.0999 0.5751 -0.5064 -0.6707 -0.5075 0.2687 -1.2238 1.0103 -0.7882 1.9305 -1.0676 -0.0385 0.1014 -0.3727 -1.2018 -0.6969 1.1274 -0.3690 -0.3818 0.4064 1.4997 3.1826 -0.4358 -0.1275 -1.0799 1.1424 1.0685 -0.7851 0.9033 -0.4215 0.5565 -0.7813 -0.5270 0.2845 1.1727 -0.5224 -0.9116 2.1787 -1.6824 0.9854 -1.5503 -0.2599 0.1798 1.1027 0.6920 -0.4102 1.2745 -1.0155 -1.1695 0.7621 -0.9354 -0.6903 0.5586 -1.3337 -0.3801 -1.7476 -0.2985 0.4164 -1.0854 -0.6521 0.0380
-0.2754 0.4425 0.8027 0.1575 -1.4180 -0.0145 -0.6914 0.9137 -0.9575 1.2057 0.3748 0.3698 -0.1148 -1.2161 1.8683 -0.8019 1.4879 0.6089 -1.4177 -0.0307 2.0966 0.5198 -1.3230 -0.5731 -0.2078 1.5567 -0.0879 1.4062 -0.1354 -0.6712 0.8568 0.0337 0.8454 -1.6364 2.0807 -0.3498 -1.9226 -0.6889 -1.0726 0.0290 -0.3961 -0.4489 0.0802 -0.8598 1.5747 -0.1022 1.6832 -2.0405 0.1897 -0.1241 0.0941 -0.9949 -0.0598 2.1932 1.6487 0.4435 -1.0774 -0.4512 -0.1877 0.4652 0.5204 1.5933 -2.4834 -1.4238 0.0786 -0.2203 -0.1233 1.0974 0.4846 -0.4952 0.1010 -0.3661 -1.7713 0.5864 1.0890 0.7136 -0.3469 1.4641 0.0996 0.3046 -0.5403 0.3216 0.5219 0.5722 0.4579 0.7247
-0.8821 -0.5378 0.7707 -0.7171 0.7761 -0.6775 1.6859 -0.6179 -2.0336 -0.5116 1.7086 -0.2143 2.2724 -1.2066 -0.2667 -1.3650 -0.4839 -2.6778 -0.1603 0.3887 -1.2993 1.6546 1.2971 -0.7392 1.7240 0.2724 -0.5645 1.3208 3.7241 -0.2166 -0.4805 1.6131 0.7319 -0.3110 -0.4475 0.5116 -1.0299 -2.7753 -1.8831 -0.5838 0.8313 -0.1189 0.5711 0.8048 0.4865 -0.1907 -0.4095 0.2793 1.3051 -0.2084 1.6573 2.0983 -0.0355 -1.8825 1.3543 0.0349 0.1390 1.2843 -1.2729 1.1194 -0.2185 -1.6500 1.0485 -1.3481 0.8636 -0.1956 0.7899 0.5626 0.2137 0.7824 0.0405 0.9494 -0.3692 1.3271 -0.5149 -1.3017 -0.8262 0.5335 -2.4510 1.0734 0.0018 0.3683 -0.0256 0.1734 -0.2280 -0.3392
1.2785 -0.0681 0.6685 -0.1887 0.7601 -0.5904 -0.1103 0.1349 1.9646 -0.6634 0.1076 0.4637 1.1345 0.2767 0.5160 -0.3535 0.7855 0.4623 -0.6565 1.0821 -1.1181 0.1950 0.7228 -0.1316 -0.1675 -0.6961 0.6108 0.6792 -2.2217 1.0292 -0.2392 0.6554 0.7369 -0.8635 0.7014 -0.1357 -0.8329 0.1014 1.2652 1.4655 -0.0300 0.4381 -0.9479 -1.0366 -0.1069 -0.7076 1.3053 -0.2867 1.0908 1.4648 0.7661 0.3547 0.3607 0.7050 -1.3706 -1.9186 -0.6342 -0.8224 1.2781 2.0340 2.1034 -3.0291 0.9104 0.4104 0.3432 0.3918 -0.8688 0.3235 -0.5303 -1.6103 -0.0453 0.2397 -1.6513 1.6269 0.2418 -0.3740 0.6671 0.5851 -0.9135 1.3682 1.3348 -0.7926 -2.4988 -1.1722 -0.1323 -0.4641
0.8123 0.0823 0.0434 1.0268 -0.9948 -1.2914 0.6316 -0.6189 0.6418 1.0427 0.7208 -1.8562 1.6649 -0.3792 -0.1149 -0.0604 0.1372 -1.8359 -0.5348 0.6651 2.0686 1.1101 -0.8359 2.6216 -0.9429 -0.1183 -0.1048 1.1385 -0.9503 -0.6828 0.8277 1.4731 -0.1873 -0.0877 0.8694 -1.3524 0.2625 -1.8765 1.3079 0.3091 0.8864 -0.3348 0.5212 0.8917 -0.6779 -1.6693 -0.3001 0.3553 1.9697 -0.7452 0.1452 -1.4547 0.5944 0.8288 1.8236 -0.5255 -1.0572 0.5310 0.1364 0.5507 -0.0181 -1.2849 1.5808 0.5476 1.5652 -0.1527 -2.1447 -1.6618 1.8287 0.2410 1.5986 0.4655 -1.0167 -1.5615 -2.3123 -2.6451 -0.0016 -0.8265 -0.3310 0.5761 1.5085 0.3942 -0.2306 0.7502 0.7990 0.2314
-0.0955 -0.0547 -0.7488 0.3997 0.3747 -0.7397 -0.7867 0.4197 0.4980 -0.7188 0.7346 -1.9094 0.2810 -0.8247 -0.3057 1.7972 0.1110 0.0659 -0.3414 0.4009 0.2297 -0.8180 0.4274 -0.4116 -0.1207 -2.0742 0.1228 -0.7311 -0.5570 -0.9462 0.4361 -0.2346 -1.5976 1.3788 1.0599 -0.6329 1.1658 -0.2869 0.1978 -0.4381 1.6281 0.9767 1.5281 0.4649 0.4041 -0.3431 1.2624 -0.9688 -0.9968 0.2221 -0.9139 1.0812 1.8758 0.2720 0.0639 -0.4124 -0.5062 0.6381 0.1032 -0.8028 0.7190 0.0518 0.1028 -0.7060 -0.1716 -0.1044 1.3135 -0.1185 0.3040 0.6699 0.4828 -0.5679 0.2531 -0.7556 1.2655 0.9435 -0.1496 -2.7448 -2.3921 -0.3944 -0.5734 1.2698 1.3316 2.2568 1.6011 1.1622
1.2748 -0.0560 -1.3017 -1.1300 0.3710 -0.6528 -0.0390 0.8565 2.3812 -1.3629 2.0232 -0.7399 1.2253 -0.6909 0.7986 0.2692 -0.8544 0.1350 -0.3185 1.5221 0.1629 -0.3860 -1.2645 2.1809 -0.0730 0.3595 -1.4780 -0.4824 0.9643 1.6856 -1.3374 -1.1168 -1.4799 0.4291 0.5628 -1.3578 -0.8200 0.8920 -1.4566 0.7052 0.9351 0.2466 -0.5858 1.0971 1.1846 0.4975 0.2795 2.3767 0.1530 1.5423 -0.5746 -0.4552 -1.8725 -1.2569 -0.8975 -0.2246 -0.0366 0.5967 -0.2222 -0.2017 -0.9430 1.2329 0.3110 -1.0091 0.0279 -0.2979 -0.6424 0.0858 1.2381 0.9832 -0.9196 -0.6712 1.3829 -0.0293 -1.1728 -0.1162 -0.0113 -0.2754 0.1361 0.3657 1.9464 0.3960 -1.2025 -0.7409 -0.9870 2.9800
-0.1302 0.0547 -1.4329 -0.3144 1.9249 1.0283 -1.1809 0.9981 0.1761 0.9698 -0.4964 3.7769 0.6723 0.2693 1.5563 -0.4723 0.3128 -0.6471 -1.7135 -1.1430 0.4195 0.1611 0.1869 1.8322 0.5397 0.2804 0.3271 -0.3747 -0.4263 0.9384 1.1074 0.1512 0.5916 1.3007 -0.1678 -0.4267 0.3957 -1.5342 -1.5384 0.0687 0.4421 -0.2628 -1.2494 -0.3657 -0.2988 -0.5650 0.0022 -0.1601 -1.0979 -1.3433 0.9931 0.1389 1.6856 -1.1279 -0.8516 -0.9419 -0.5818 1.7546 0.6398 1.1205 0.9874 -0.1375 -0.0627 -1.0072 -0.9424 -0.6155 0.2275 0.7803 -0.1431 0.2349 -0.3484 -0.1937 0.3959 -0.4400 -0.0158 -0.5640 1.7760 -0.4960 -1.8424 -0.6675 -1.0555 1.5435 0.5124 0.3939 1.0259 -0.8878
0.0014 -0.0468 -0.3146 -1.4234 -0.7168 -0.2422 0.9459 2.0838 -0.7714 0.3189 -0.5354 0.3919 -0.5024 0.3823 -0.0209 -0.2655 0.0532 -0.0759 0.1053 0.0527 2.4354 -0.4175 -1.6450 -0.1188 0.4374 -0.6431 1.1270 0.6521 0.2743 -0.6698 0.4382 0.6321 -1.4627 0.1889 0.4661 0.6182 -0.4479 0.6633 0.7610 2.1259 -0.6792 -0.9486 0.4611 0.2438 -0.3309 -1.8909 -1.7314 -1.7774 -0.0629 0.8028 -0.1539 -0.0912 2.6303 0.2617 1.8582 1.4823 -0.8164 1.4484 -2.5011 -0.4051 -0.1525 -0.5480 1.3997 0.3769 0.6039 0.1679 0.9786 1.0575 1.8144 1.9949 1.3947 -0.0170 0.3467 0.9129 -0.4699 -1.2446 0.7342 1.4349 -0.2118 0.3965 -0.5383 0.4612 0.8743 -0.3861 -0.0662 0.9236
-1.9248 0.6877 -0.2140 -0.7920 -0.1463 -0.1495 -0.3111 2.5368 0.2554 0.2600 -0.7262 -1.4072 0.5007 0.5142 -1.4384 -0.9173 -1.3112 0.2427 -0.0818 0.4161 -1.3358 -0.8108 -0.7308 0.4138 1.9334 1.3256 -0.8918 -2.0746 -4.4686 0.1456 2.3104 -1.7185 0.6515 -1.7479 -0.7089 0.2692 1.0617 -0.9595 -1.6359 1.2347 -0.1246 1.9970 0.8835 1.2900 0.8608 -0.0117 -0.3242 0.8760 0.2863 0.9124 0.4726 -0.0865 0.4021 -1.6579 -0.6482 0.9336 -0.8532 -0.2195 1.7137 0.3413 -1.6432 0.6018 2.6487 -0.3901 0.2400 1.4656 0.5663 -0.2111 1.4319 -0.9951 2.2899 -0.4379 0.6555 -1.5862 1.1451 -0.1950 1.8416 1.1401 -1.7825 1.7786 -0.2417 0.9549 0.1108 0.4083 -1.5545 -0.0251
1.9949 -0.6981 0.9457 1.4768 0.7704 -0.9210 -1.3056 -0.3787 -1.7187 -0.3090 -1.3509 -0.1494 1.4043 -0.4883 0.7651 -0.4334 0.0096 0.0954 -1.4442 0.9431 -1.2094 0.8249 -0.1660 -1.5186 0.4717 1.7995 0.6689 0.6894 -0.4530 -0.7831 0.2506 -1.4849 -0.0771 0.9650 -0.7442 0.0630 -0.9221 0.9094 0.4462 0.1157 0.0010 0.0016 0.4287 0.8384 1.1805 -1.6588 -0.2873 0.3482 -1.2293 -0.2235 -1.2586 -0.2186 0.1811 -1.4178 0.1685 0.2014 2.2779 0.4604 -1.1658 1.4925 -0.7795 -0.9045 -0.0508 0.5470 -0.3209 -0.3232 1.1575 -0.4373 2.6865 1.3560 -0.3032 -0.8243 1.2429 0.4501 1.1411 0.9102 -0.6378 1.0662 -0.7178 0.0741 -1.8920 -0.6347 -0.8595 -1.4925 -0.3196 -0.6231
1.0007 -1.3056 2.8899 -1.7597 0.4408 -0.4324 1.1482 -1.2396 1.1086 -0.5085 0.7257 0.6951 -1.1926 1.2954 1.1316 0.5550 -0.2358 -0.5664 0.0224 -0.4795 0.1427 0.3454 1.6393 1.1820 -1.0045 -0.5502 -1.2141 -1.0129 -0.4510 -0.6763 -0.7826 -0.2399 0.7331 -1.6861 0.3933 -0.4679 0.0578 -0.4900 0.0820 -0.2646 -0.8606 0.1250 1.0906 -2.1916 0.2474 -0.5675 1.0621 0.4115 -0.8063 -1.0683 -0.0518 1.4377 -0.3117 0.3823 -1.1662 -1.5207 0.9972 -0.1148 0.0299 -0.0617 -0.2155 -0.0569 -0.0203 0.2367 0.9896 -1.6867 -0.0238 -0.6200 -1.1387 0.5417 -0.7074 0.7891 -0.3667 2.3103 0.8469 1.5159 -2.5111 -0.4387 -0.0913 1.5149 -0.4550 0.7123 0.3736 0.7004 -0.0152 2.8618
-0.8162 0.2551 -1.2878 -0.2587 0.9459 0.7696 -0.8786 0.3429 -0.5618 -0.1389 -0.7561 0.7372 0.6021 0.5055 -0.0652 -0.6580 0.1599 0.6509 0.5443 0.2221 1.5884 -0.9322 -0.3669 -0.0197 -0.9553 0.7062 -0.4883 -0.0134 -0.0083 0.8528 -2.8240 -0.4719 -0.1837 -1.3420 1.3223 -0.5447 0.3256 -1.1899 1.1205 0.2976 -1.2165 0.3996 1.9043 -0.4460 0.4787 0.3499 -0.0094 -0.9357 -0.0534 -0.3196 -1.9278 -0.7155 -1.2496 -0.5681 0.1133 0.8283 -0.3257 -1.0823 0.6028 1.5413 -1.2859 -1.9000 0.2085 1.1931 0.1740 -0.0560 -0.1693 -0.7585 0.1641 -0.4374 -1.3373 0.4729 2.3358 0.0010 0.1680 1.3602 1.2808 -0.0340 0.2177 -2.7804 0.4667 2.5659 0.4237 2.1067 -1.0168 -1.3383
0.7809 0.2103 -2.7477 -0.6790 -0.4940 0.6312 -2.4806 -2.1444 -1.6506 0.0411 -0.4337 -0.8567 -1.0101 -0.7421 -0.9713 -0.3108 0.0519 -0.4032 -0.0564 -0.4159 0.1597 -0.3396 0.6516 -1.0861 0.4554 0.0586 -0.9227 -0.0983 0.4991 0.3486 0.0329 0.5098 1.4133 -0.1386 1.2019 -0.5277 0.1242 1.4090 -0.2426 0.2732 0.5186 -0.7926 0.2440 0.5597 -0.8334 -0.2701 -0.3094 -0.6499 -1.2428 -1.0051 -0.0407 -2.2747 0.0747 0.8945 0.2538 1.8417 -0.6885 1.6434 -0.6844 -1.5776 -0.1798 -1.3481 -1.1314 -2.1615 -0.4248 -0.5759 -0.1880 1.0879 -2.3275 0.2948 -0.5542 0.1347 0.1374 -0.7801 -0.1733 0.3762 0.3236 -0.3416 -0.1077 1.4644 -0.9904 -0.6974 1.2646 -0.0198 1.2526 0.5419
-0.0058 -0.1545 -2.9979 0.8157 0.1897 0.3606 0.1248 -0.7975 0.4001 0.8323 2.3952 0.4010 -1.1792 -0.3408 -0.5609 1.5167 0.6585 -0.4443 2.0699 0.9006 0.9497 -1.3751 1.1354 -0.1432 0.0245 -0.2952 0.0875 -0.2037 -1.0244 -0.7050 -0.8667 -1.2986 -0.7724 0.4553 0.2203 -0.5975 1.4620 -0.5460 0.6898 1.5113 0.4052 -0.0899 1.5449 -0.2117 0.5701 0.4481 0.0565 1.8628 -0.3692 -0.9923 1.6768 1.2993 0.9678 0.3238 0.6311 0.2022 1.6408 1.4959 -0.9248 0.8062 -1.9614 0.3778 -0.8906 0.9928 -0.6985 0.6562 -0.8062 -1.2523 -0.8010 0.1687 -0.7025 0.5652 0.5662 2.6255 -0.2025 -1.0326 -0.7299 -0.0623 -0.7081 -0.2952 -2.5702 -0.6665 1.5280 1.1939 -0.9450 2.4696
-1.4382 1.1745 0.8578 -0.3862 1.1483 -0.6527 0.2384 -1.9141 1.0044 1.4096 1.0558 -1.5597 1.4613 0.2221 0.1496 -1.0388 0.7443 0.5315 1.2455 -0.4939 0.1939 0.3662 1.9141 -1.1418 0.8666 0.2206 -0.9712 0.3227 0.2420 -1.4783 -0.6872 0.6889 0.1927 -0.1333 -1.6115 -0.1439 0.1521 0.6711 -0.1287 0.2577 0.6897 -2.1909 -0.0625 -0.4668 -0.7056 0.3276 -0.1510 0.7838 0.4385 0.1337 0.4534 -1.0503 1.0943 2.7758 0.6284 0.0422 -0.1563 1.9851 -1.8240 -0.2862 -0.8705 0.0419 0.4559 1.3816 -0.1936 1.6085 0.0903 0.8457 0.9501 0.9681 -1.3826 -1.3759 -1.0468 0.8069 -1.9047 0.6752 -0.4129 -0.7332 1.4899 1.4149 -0.5007 -0.9133 0.8264 -0.5610 -0.7095 -2.1104
0.5631 -0.4368 -0.3264 0.9057 0.0785 -0.7835 -0.5015 0.8417 -0.7284 0.0990 0.9193 1.5193 -1.1174 -0.9697 0.1023 1.1368 -0.7458 0.7309 -0.8590 -0.6304 -0.2141 -0.5286 -0.7725 -1.0453 0.8303 -0.0105 1.0628 0.4149 -1.4916 0.4375 -0.7381 0.5351 -0.5161 1.7992 -0.6506 -1.3295 0.7471 -0.9802 -0.6400 -0.2246 0.1748 2.3692 -1.5234 -1.4373 1.5426 0.4585 -0.4128 1.4528 0.5800 0.6284 -0.0266 0.8531 0.8085 0.6440 -2.4992 0.3633 -0.3301 0.0285 1.6637 1.6809 0.2171 2.1646 1.3404 -1.3917 -0.0292 1.0718 -1.8872 0.1230 0.0533 0.6680 0.5454 0.0570 -0.6231 -0.5115 1.5340 -0.5434 -1.1938 -0.5959 -0.8971 1.0115 0.3533 1.2177 0.1798 0.8268 0.6195 0.0325
0.4365 -0.2724 -0.4288 -0.4444 -0.3050 -0.7938 -0.2340 -0.1744 1.2359 -0.4490 0.3175 1.3552 0.4498 0.1523 -1.0105 -1.7135 -0.7108 0.5387 0.2316 1.7602 1.1510 0.0945 -0.5929 -0.6671 -0.9214 -0.3668 0.4475 -0.3400 1.5566 0.8150 0.5036 -0.2581 -1.0882 1.0133 -0.7722 0.7862 0.7560 -1.6663 -0.9248 2.8527 -1.1937 0.2039 0.1630 -2.1448 -1.2591 0.9767 -0.3334 -0.3823 1.0720 0.9280 -1.6870 -0.5555 -0.8581 -0.9770 -0.1461 -0.1635 -0.3522 1.9886 0.6975 -0.7056 -0.8309 1.0519 0.4001 -0.3195 1.3774 0.3586 0.0833 -0.3261 0.3697 1.0006 -1.5445 -1.4594 0.6086 0.4383 0.3499 0.8586 0.1047 1.7868 -0.5666 -0.1052 -2.1707 -0.4975 -0.0880 -1.9478 0.2106 0.5918
1.0655 -0.4272 1.6762 -0.6029 0.9848 0.3646 -0.9988 -1.4010 -0.2374 0.0401 0.1359 1.3722 -0.8896 -0.8976 -0.5627 -2.5079 -0.2408 0.6584 0.8107 2.3165 -0.7687 0.1002 0.2433 0.1671 0.5348 1.1675 -0.0244 -0.4763 -0.7480 -0.1574 0.3041 -0.0425 -0.1337 -2.1124 1.2979 0.1884 -0.2508 1.2502 2.1616 2.0762 0.1689 -0.9146 -0.6782 -0.2101 -0.7575 -0.8380 -0.3454 -0.1784 0.5892 -0.2073 -0.0614 1.4868 -0.9458 -0.7870 0.5069 -0.9402 0.2031 1.2730 0.8132 0.2318 -0.1469 -1.8577 0.1476 -0.8599 -0.9501 0.7387 -0.0094 -0.2147 1.0873 0.7164 0.1862 1.7299 0.9678 1.0990 1.6027 1.0153 0.0242 0.1771 1.4960 -0.2630 -1.7962 0.2551 1.4346 -0.4324 -0.5555 -0.6712
-2.1448 0.4006 1.2313 -0.7221 -0.0642 -0.2691 0.1214 -0.3931 0.7439 -0.9896 0.3693 -0.5629 0.3077 -0.7992 2.0422 -0.2925 -1.6515 0.8313 0.6035 -0.7984 0.6291 -0.5766 -2.1635 -3.1982 1.0792 -0.1614 -1.1784 -1.0896 0.0935 -0.7748 0.5679 0.5529 1.4930 0.0610 0.7113 0.0040 -0.7684 -0.3870 0.2911 1.6108 -0.6557 0.7774 0.3346 -0.5471 2.0351 0.6070 -0.8838 0.1208 -0.8346 1.1134 1.0573 -1.3397 1.1761 -1.3655 -0.3404 -0.5941 0.7206 0.7116 0.0798 -1.4669 -0.5370 0.4779 -0.0958 -0.4943 2.9005 0.6214 1.3526 -1.0484 0.4422 1.4744 -0.8278 0.2316 -0.2954 1.1570 -1.0223 -0.5075 -0.2945 -0.1641 0.6546 -1.6583 -0.3227 0.0925 1.4266 0.0145 0.2358 -0.0604
-0.9185 0.0854 0.6555 -0.5335 -0.0280 -1.4237 1.1085 -1.9281 -0.7850 -0.4745 1.1579 1.5218 0.1697 1.5964 -0.2797 0.7371 0.5536 -1.4562 0.0021 0.5599 -0.0706 1.3889 -1.5264 -0.0198 -0.1605 -0.0285 -0.7738 1.5811 -0.7620 -1.2162 -0.3370 -0.2160 -1.1692 -0.0716 0.6887 -0.6948 0.9819 0.6062 -0.2115 0.2937 -1.2289 -0.8429 1.8689 -1.3106 -2.6103 -0.8447 0.0733 -1.8676 -0.5649 0.5683 1.0837 1.5101 -0.4942 2.5601 0.9712 -0.8655 0.8960 0.8081 -1.5642 -1.1305 -0.9994 0.3902 -0.3802 0.6786 0.4667 0.9848 -1.2449 0.2064 -0.7890 0.0780 -1.3664 -2.0666 2.3492 -0.4049 -1.5457 -0.9212 0.2825 -3.1011 1.9243 -0.1675 -0.3589 0.0846 0.6419 0.5899 0.3314 0.7982
0.8847 -3.9642 -0.8715 -0.0033 0.1165 -1.2366 1.1236 -1.9958 -1.2010 0.1200 -0.4976 0.7026 0.1161 0.0295 -0.3290 -1.6146 1.6150 -1.6200 -0.3574 -1.2182 0.2395 -0.7229 -1.7626 0.5175 -0.1540 1.5289 -0.3907 -0.0199 0.3790 -0.7522 -1.5090 -0.2765 -2.7755 -0.9939 1.6757 0.9492 -0.4918 0.1306 0.1181 0.7804 0.6208 -0.6339 1.0119 0.1723 -0.3303 -0.7595 1.7509 1.3393 -0.5670 0.3361 -0.0034 2.4624 0.3364 1.7271 -1.5896 -0.3837 1.1025 -0.8024 -0.3899 0.4815 -0.9928 0.1888 1.1787 -1.6712 0.0547 -0.0486 0.5241 1.0645 0.8711 -2.0240 -0.1570 0.6503 -0.6724 1.3577 -2.0985 0.7464 -0.4386 -0.5971 0.8534 0.2399 1.6057 -0.8548 1.5506 -0.0391 -0.3557 -0.3953
0.1398 0.2625 0.2265 -0.0140 -1.6041 0.8227 0.0184 0.0089 1.0297 -0.3467 -0.1816 0.2365 -0.9437 -1.5864 -1.4616 -0.6794 -1.3318 0.2507 0.2696 0.3714 0.3371 0.3794 1.6759 -0.8007 -0.6332 -1.0460 1.2300 0.3138 -0.7370 -0.4875 -1.9465 -0.5057 1.6833 2.1534 1.2097 -0.3868 0.1744 0.1133 -0.7183 -0.8362 -0.6810 1.5150 1.0439 1.4878 -1.0434 -1.5448 0.0892 0.6563 0.3629 2.9246 0.0705 1.8242 -0.3080 -0.8524 -0.0644 -0.1350 0.0708 0.4397 0.3977 -0.2754 1.5197 -0.3023 -2.5766 0.8402 0.9251 0.6569 0.7230 -0.3317 0.5513 0.8074 0.0026 2.2194 -0.7211 0.9869 0.6365 1.1366 -1.3072 0.2417 -0.6095 0.4001 1.8766 -0.6526 -1.4746 1.0194 -1.0291 0.6199
-1.0846 1.5591 0.9458 1.2932 0.6124 0.1544 -0.1668 0.9741 1.2591 -0.9537 -1.0217 -0.1135 0.3997 2.2547 0.7041 -0.8315 1.8783 -0.5633 0.2435 -0.9507 -0.2712 0.3444 0.8875 1.1455 1.5035 -0.9182 -0.4585 -0.3972 -1.0040 -0.8543 0.8893 1.5613 1.3812 0.2413 0.0005 0.5498 1.7508 -0.3110 -1.9727 -0.4884 0.7284 0.5255 0.0649 -0.4519 0.6934 -0.6142 -0.7781 0.2582 1.0062 -0.1020 -1.1980 -0.4221 -0.0598 0.0677 0.1901 1.4602 -0.3991 1.4749 -0.8444 -0.2494 -2.0035 -0.4410 -0.3848 -0.0727 -1.3213 -0.4174 0.5114 -0.7394 -2.2012 -0.6524 -0.9075 -0.3637 1.0709 0.2419 -2.3168 0.8770 -0.4291 -2.6290 -0.4585 -0.7662 -0.4527 -0.1116 1.2841 0.5881 -0.8493 -0.5937
-1.8809 -0.4385 1.4324 -0.7361 0.0929 -2.2432 0.1041 -1.1617 0.2716 0.8811 0.9758 -0.2189 0.4295 1.5623 0.0914 -0.0608 -0.0579 -0.9173 2.0619 -0.2855 -0.5118 0.1031 0.5243 0.7252 0.5357 -0.0936 0.1244 -1.3580 0.3533 0.1253 0.4038 1.4327 0.8720 0.3002 0.6504 0.9114 -1.0653 0.3290 -0.9648 0.9514 0.6702 0.4241 -1.6838 -2.0337 -0.3828 -1.1874 -0.2839 -0.4998 -0.1455 -0.8879 0.7219 0.0524 -0.4642 0.3911 -0.3197 0.2543 -0.9896 -1.6969 0.9929 -0.3775 1.6466 -0.0397 1.4215 0.2154 0.4602 -0.3384 -0.7570 0.9904 0.2449 0.5080 0.4157 -1.1478 0.5636 0.8110 -0.1548 1.4087 0.6571 0.4501 -0.6558 0.1541 0.2283 -0.5302 -2.0814 0.7103 -0.2085 -0.1371
0.1771 -0.7716 -1.9870 -0.0740 0.1691 -0.1974 -1.2467 0.8081 -0.0657 -1.3008 1.6900 -0.5792 -2.2305 -0.7945 1.8173 -0.2160 0.0228 -0.0983 -0.1697 -0.9032 -0.1470 -2.0962 0.3577 2.6547 0.4805 -0.5454 1.5468 0.4177 2.5337 -0.4718 -1.5888 -0.0181 1.0876 -0.2047 -0.8290 -0.7778 0.7407 1.0791 -0.3363 0.6483 -0.3204 -0.3872 -0.5786 -1.3498 0.8827 -0.6898 0.0573 0.8139 2.6464 0.5670 -0.9852 0.3494 -1.6744 0.9111 -1.5180 1.0802 -0.5962 -1.9333 -0.6503 -0.1098 -0.7451 0.4241 -0.2819 -1.2782 0.3709 -2.5256 1.1163 0.4464 0.8901 1.2132 -0.0333 1.0743 0.2373 -0.5902 -0.5251 -0.2209 -0.0487 -0.7864 0.0767 1.4076 1.0742 -0.0311 -0.3233 -0.7668 -1.1691 0.1195
1.6098 -1.5717 1.5338 0.8379 -0.4958 1.6763 1.4808 -0.6899 0.2605 -0.0882 -0.9418 -1.9505 -0.0745 -0.8701 1.3416 1.2245 -0.1818 -0.3016 -0.0767 0.2927 -0.0497 -0.8691 -1.0233 1.3696 -0.4729 0.4479 0.1125 -0.2130 -0.3634 -0.0349 -0.8542 0.9374 -1.9790 -0.6304 -0.1115 -0.4944 -1.5408 -1.2899 0.9377 0.3205 1.2660 -0.9070 0.6148 1.0979 -1.0246 -1.1408 -1.6049 1.1443 -0.4302 0.4851 0.0238 1.4087 -0.3074 0.9817 1.1092 -1.7738 -1.1211 1.2935 0.4788 -0.0412 -0.1720 0.1060 0.8715 -0.4099 -1.1197 -0.6220 1.0579 0.9494 -0.7120 0.0329 0.6752 0.4015 0.0791 -1.8782 -0.9109 -2.0919 0.4332 -0.8760 1.0174 -0.1869 -0.1638 2.0630 -0.3320 -0.0340 -0.2134 0.7472
-0.1603 -0.8056 -0.2021 0.9986 -0.0286 0.1066 -0.5378 1.5059 0.6286 -0.6601 -0.1746 -0.7866 0.1127 -1.1720 -1.7424 -0.2425 -0.2215 -0.0947 -0.1319 0.4387 -1.2180 0.5586 1.2078 -0.6686 -0.7955 -1.5099 0.8079 -0.2624 0.3785 1.5813 -0.1502 -0.6092 0.3570 -1.2605 -0.3387 0.3810 -0.4802 1.5183 -0.6294 -0.5127 1.1931 -0.5415 -0.1149 0.7779 0.8542 0.4371 0.2805 1.4352 0.4293 -0.8680 -0.5088 -2.1723 0.5330 -0.9681 -0.1491 1.1577 0.1353 0.6129 -0.3433 1.5132 1.2287 2.2327 0.8264 -0.7305 0.6838 -0.3417 -0.0293 -4.3703 -0.3647 -0.7687 -0.4455 -0.3824 0.2743 -0.8549 -0.9018 -2.2311 -1.2612 -1.7123 0.6027 0.8235 -1.6083 0.2745 0.5448 -0.7100 -0.7291 -0.9595
1.0681 -0.9960 0.9950 1.2516 0.5721 -0.1285 -0.4086 -1.9978 0.0078 -0.1787 0.1510 -0.2581 -0.8390 -0.0522 0.0456 -1.1637 1.6422 0.4268 -1.1536 0.6649 -1.9282 -0.3047 -0.1378 -0.6765 1.7826 0.4382 -0.4827 -0.6402 0.6956 1.2527 -0.3226 -1.0370 -0.2136 -0.7051 -0.8902 -1.0921 0.0091 0.2182 0.9875 -2.4730 0.7864 0.6086 0.9189 -0.1574 2.0561 0.4788 0.8613 0.5531 -0.4835 0.5151 -0.5893 -1.0500 -1.2105 -0.2945 -1.6973 1.8648 0.3245 0.8790 -0.3974 -3.0103 -1.0623 -0.0629 1.0339 0.2506 0.2134 -0.8925 0.1401 -0.6948 -1.0275 1.4588 1.1881 -2.3292 -0.5980 0.9937 0.8183 -0.9857 0.4732 -1.5818 0.4061 0.9398 1.1090 -0.8142 -0.4645 0.1766 -0.5175 0.5117
-0.9764 -0.6533 -0.8781 1.0953 0.3147 -1.4190 -0.1981 -0.7699 0.4330 -1.4331 0.4308 1.7976 0.4328 -0.5395 0.3015 0.9785 0.0690 0.3865 0.0242 0.0477 -0.9690 0.4311 -1.9912 -0.2684 2.2528 2.0688 -0.0461 -0.3081 0.2280 -0.9956 -0.5462 0.4228 -1.5016 -0.1487 -1.3999 1.5734 0.3949 -0.8581 -0.7963 -1.1656 -0.9889 0.8922 0.2290 -0.7034 -0.6349 -0.4448 0.3777 0.7114 1.8186 -1.1685 0.2219 -0.6522 1.0378 -0.2755 0.7320 -0.2202 1.4823 -0.3828 0.1911 2.1055 0.4210 0.9515 -0.4568 -2.0119 -1.5076 0.3000 -1.3243 1.3920 0.3628 1.1823 -1.6584 1.5363 0.1763 0.4446 0.7385 -0.6233 1.1346 0.3275 0.9562 1.8096 0.6107 -0.3419 0.6121 0.3886 1.1944 -0.6755
-0.0588 0.4510 -0.0940 0.6064 1.0915 -0.4015 -0.2073 -1.6873 0.0371 -1.0170 0.8737 -0.4807 -0.8499 -1.7029 -0.3309 0.1696 0.2176 -0.3106 -0.5101 0.8278 0.2828 0.2559 0.7877 0.2662 0.9692 -0.4669 -0.4974 0.5434 0.1191 0.9151 1.7655 -1.8518 0.8455 0.0114 -0.7046 0.4181 -0.0509 1.7471 2.5842 -0.3996 -0.3800 -1.0873 -1.7678 0.2088 -0.7464 0.9571 -0.0402 -1.2249 0.5166 0.2531 0.8663 1.4837 -0.0771 1.1442 -1.1068 0.8453 -1.0668 -0.8921 -0.3480 -0.5641 1.0357 -1.8533 0.6359 -1.1548 -1.3702 0.4578 -0.5362 0.8553 -0.0159 0.0187 0.7254 -0.0233 1.2240 0.9096 1.2176 -0.2073 1.5174 1.3622 -1.0146 0.0528 -0.2385 0.7618 0.2763 0.7087 -0.2901 -0.3691
-0.0012 -0.4259 0.1613 -0.0834 1.1937 -2.5906 -0.9737 0.6388 -0.5636 -1.6865 1.6440 0.9809 -2.6668 0.1115 -0.2919 -0.1641 -0.7128 0.5472 1.4518 -1.4244 -0.1078 0.5623 -2.1541 1.0496 -0.1976 0.9147 -0.1546 0.1220 -1.5406 -1.4316 -0.0198 0.7562 1.2318 -1.9058 0.9203 0.2499 -0.3139 -1.7614 -2.3725 1.2144 0.6881 -0.3117 -0.0816 -0.6619 0.9019 0.2432 -0.1002 -0.2979 0.6420 -0.6191 -0.3172 -0.3128 -0.8190 -0.2440 0.4386 0.3605 -1.6137 -1.2829 0.3110 0.6291 -1.3527 -0.9084 0.6834 -0.5471 1.6909 0.8967 -0.4742 0.2057 1.2759 0.4977 0.4510 0.1395 -0.0471 0.3925 -0.0700 1.6483 -2.2110 0.0768 -0.1887 -0.1760 -1.1069 -0.1644 -0.4649 0.0748 0.0412 2.8551
1.0333 1.1259 -1.7248 -1.7018 0.1185 -1.6355 -0.2618 -0.9089 -1.9353 1.8523 0.4522 0.2836 1.4418 -0.5819 0.8624 0.1199 -0.4530 -0.5890 2.2163 -0.6306 -0.0140 0.2288 0.1971 -1.4435 -0.2213 -0.1966 -0.0260 0.7399 -1.8985 -0.7246 -1.2001 0.4682 -1.2907 -0.0889 -0.7136 0.5692 0.7028 0.1507 0.9840 -0.1249 0.5142 -1.2195 1.9806 1.3429 -0.1358 0.8991 0.0640 0.8243 -0.0992 -0.6264 0.6798 -0.5360 -1.0467 -1.1724 1.0534 0.0937 1.7628 1.0650 -0.7208 -0.8152 2.1415 -0.9900 2.9116 -1.2157 1.0188 -0.2633 -0.1249 -1.1727 -1.6224 0.6730 -1.2962 -0.7355 2.4188 0.4949 0.0439 -1.2128 -0.1925 -0.0377 -0.9303 -0.8227 -0.7405 1.8957 0.3295 -0.1214 0.3996 -1.9837
0.9555 0.2110 -0.4456 -0.3437 -0.3838 0.3177 0.1112 -2.1045 1.0770 0.3961 0.1712 0.5761 -1.2033 -0.2455 -0.3004 -0.3070 1.5318 1.9211 0.9730 -0.7640 -0.2064 0.0008 -0.3068 -0.8824 -1.1847 -0.6362 -0.3330 2.6058 0.8530 0.8832 -1.0426 0.9312 -0.4467 1.9559 0.8501 -0.8194 0.3520 -0.4120 0.4425 -1.3455 -1.6461 -0.4612 -0.2299 0.9347 -0.3011 -0.4487 -0.0077 0.4765 -1.5955 0.3388 0.6632 2.3045 1.0384 -1.2772 -0.1900 1.4588 -0.1605 -1.6833 -1.4479 -0.2923 0.7245 0.5613 -0.3665 -1.0125 -1.3300 -0.6131 0.0786 1.2062 -1.0919 -0.5879 -0.7900 -0.2387 1.0577 -0.1091 -0.0789 1.3932 0.1585 -0.1252 0.9791 -0.0509 0.6258 1.1858 -0.1906 -0.6109 0.0450 1.5924
0.3824 1.3681 1.5285 -1.6483 -0.8122 0.5366 0.5577 -1.3646 1.3967 -0.3656 0.3216 -0.8749 -0.2103 0.0459 0.3850 1.1202 -1.2348 1.4595 -0.1187 -0.4344 -0.2057 -1.0847 0.1421 -0.6617 -0.2079 0.4103 -0.9068 0.8141 -0.8723 1.0241 0.0352 -0.8093 -1.4927 0.0058 0.3936 -0.3999 -1.2356 0.0742 0.0831 1.2501 0.1657 -1.6132 -0.2611 -0.4096 0.6895 1.5179 0.4819 -1.0153 -0.1708 -0.2318 -0.1417 0.8701 -0.3195 -1.5221 -1.5830 1.5479 -1.0088 1.1149 1.1276 -0.3171 0.5547 1.1472 0.1483 0.2816 -0.8060 1.1599 1.0973 -0.2527 1.6175 0.2479 0.3313 0.1663 2.0396 -1.5139 0.0128 0.9647 1.3347 0.5785 -0.8649 0.8964 -0.6956 0.3032 -0.6357 1.1542 0.7744 0.6471
0.2456 0.6482 0.0641 0.2680 -1.1178 0.2506 -0.7620 0.0286 0.4278 -1.4578 -0.1900 -0.1939 0.4769 0.0668 0.1682 -0.1230 -1.8999 1.0929 -1.4335 2.6664 1.2855 -0.5391 1.3280 0.1843 -0.6301 0.3633 0.7822 0.3240 -0.3034 1.7829 -0.3861 -0.8347 0.1492 -0.1851 0.5019 1.7614 0.4830 1.1233 -0.6082 0.5089 1.2245 0.3571 0.3019 0.5762 1.9104 0.8183 1.2975 -0.7114 -0.2324 0.4742 0.6095 0.7650 0.5635 -0.8314 -0.0464 0.7038 -0.9767 1.6121 -0.8079 -1.1899 0.4382 1.1026 -0.3403 -0.5173 0.5269 -0.6357 0.3436 -0.7545 -1.6940 0.5407 -0.5394 -1.7657 0.2613 0.7885 -0.5415 0.1934 -3.0440 0.9407 -0.1297 -0.9981 -0.0599 -0.5977 -0.9555 -0.3812 1.4489 0.1334
0.3969 0.6480 -0.3436 0.3798 0.1814 -1.7381 -0.8292 -0.8908 -0.0875 0.4623 0.0911 -1.5984 0.8296 0.2464 -1.9761 -1.2583 -1.4471 -0.1837 -0.3988 1.0452 -1.0364 -0.6365 1.5811 -1.4413 0.3131 0.2259 -1.1976 -0.9855 -0.6659 -0.4265 -0.3091 -0.6574 1.3476 -0.1570 0.3908 -0.4370 -0.2901 -1.6931 0.2292 -0.6436 -0.9054 -0.0347 0.2897 1.3848 -1.8253 0.2812 -0.1528 0.6194 1.1076 -1.0209 -0.7004 -0.0232 1.2612 1.6250 0.7924 -0.5552 -0.7937 -0.6802 0.4549 0.2638 -0.5006 -0.7022 0.3461 0.3786 -0.5997 -0.8095 1.7246 0.2060 -1.1423 -1.8123 -1.4560 -0.0820 1.2325 0.3825 0.1386 -2.0691 0.1869 0.5399 -0.9614 0.4142 -0.1598 -0.5563 -0.1278 -0.2254 -0.0493 1.3269
-1.2507 0.2270 1.1133 0.1825 0.0682 0.3684 -0.3019 0.2354 -0.1747 0.1630 -1.7175 -1.7584 -0.7792 -0.2286 0.5650 1.1610 1.3330 -0.1947 -1.6081 -0.7226 -0.0881 -0.3766 1.0568 1.7036 -1.1873 2.2413 -0.8761 0.2094 0.0395 2.1905 -1.2461 -0.2856 0.0328 1.2996 1.2345 -1.0862 0.3664 1.2072 -0.4545 0.9475 -1.3386 -0.2270 -0.0823 0.5678 -0.2780 2.1216 -0.1269 -0.1569 -0.8783 -1.1527 -0.0096 0.3654 0.8254 1.0305 -0.1739 -0.1907 1.2123 1.2235 -0.6371 -0.7715 0.7099 1.0759 0.3689 -1.4821 1.1724 0.4735 -2.1534 -0.3524 -1.4375 0.2876 -0.7362 -0.3726 1.1074 0.7484 1.5242 1.3797 -0.9323 1.3589 0.0963 0.4289 0.5214 -0.2625 2.2322 0.2676 -1.1421 1.0852
0.0530 2.1352 -1.7191 0.5126 0.6381 -1.4225 1.7528 0.2127 0.2762 -0.6355 -1.3337 0.6702 -0.7816 -0.1569 0.0537 0.5899 -2.3168 -0.8803 1.5296 -1.7037 -0.3951 0.9760 -0.8905 0.1493 -0.0368 0.2710 -0.7528 -0.1512 -0.9147 0.5998 -0.4645 -0.0764 -0.2584 -0.3087 -1.2687 0.4073 0.0672 -0.9929 1.3506 1.3633 -0.4276 -0.9338 -0.2666 1.8813 0.5083 1.0355 1.8105 -0.9688 -0.3245 -0.7919 -0.3872 -0.0509 -0.4217 1.1671 0.1325 -0.8247 0.2264 -0.5783 -0.9824 -0.3825 -0.5933 -0.8759 -2.7854 0.7836 0.1664 -0.5026 -0.3721 -0.2545 0.0454 0.4162 -0.6127 1.1575 -1.0840 -0.9707 1.2193 1.8407 -1.0353 0.2980 0.2991 -0.4226 0.1265 1.2726 0.0563 -0.2233 1.6440 -0.4475
-0.2953 1.2648 -0.4290 -0.5418 0.2815 -2.1669 0.5449 0.6940 0.6100 -0.0698 2.0109 0.3529 1.1891 0.1315 -0.2669 -0.9650 0.8056 0.5084 -0.0705 0.2305 1.3778 -0.9198 0.5925 0.9662 0.9423 -0.1811 -1.6205 0.7829 -0.1245 0.7054 0.7651 -1.7395 -0.6098 -0.2848 -0.4738 -0.0025 1.1797 -0.7785 1.6113 0.5372 -0.0933 -0.1720 0.6434 -0.7868 -0.5992 0.1756 2.3287 -1.1831 0.2318 1.8112 -0.1793 0.6252 -0.0920 -0.7076 -1.6105 -1.7886 -0.2659 -0.1464 -0.1104 0.0471 1.2250 -1.2666 0.5978 -1.1047 0.7816 -0.4635 -1.5592 -0.2928 -0.2656 1.7325 0.8881 -0.3743 2.4880 1.6580 0.1146 -1.0418 2.8179 -0.2188 0.4442 -0.0668 1.0513 -1.5661 -1.8485 -1.0077 -1.0511 -0.6034
0.8591 0.5154 -0.4896 -1.1332 -1.9660 0.2058 -1.8072 1.1154 -1.3369 1.4119 -1.2231 2.0413 0.2855 -0.9872 -0.5416 0.3433 1.5766 1.4386 -0.9421 0.4192 0.3208 0.6433 0.5678 0.2015 2.1452 0.7715 0.7800 -1.1295 1.9310 1.3930 -0.1711 0.8134 -0.6786 0.7409 1.4854 -0.0916 -0.2613 -2.0354 -0.3756 -0.5277 -0.0728 -0.1462 -0.3685 0.6564 -2.4210 0.7849 -0.2604 1.1528 0.1583 0.6395 0.2539 -0.4592 -0.6922 -0.9510 -0.1958 0.4179 -0.7898 1.0430 0.0482 0.1211 -0.5519 0.3311 0.3649 -0.7811 -0.8004 1.0419 0.7386 -0.4353 -1.0362 -1.5925 0.7878 -0.7346 0.5672 0.7228 2.0227 -0.1153 -0.8791 -0.1670 0.0655 1.5000 2.2209 1.0540 -0.7018 -0.2385 0.6081 -0.7632
0.3063 1.1626 -0.7747 -0.0560 -0.6058 -0.7748 1.3331 0.4028 -2.4605 0.8152 -0.9564 -1.1459 1.5491 0.8475 0.8471 -2.6459 -0.1231 1.6690 0.5148 0.1532 0.4392 0.7847 -0.2793 -1.6555 1.8630 -0.6488 0.5370 -0.5810 2.2079 0.6927 0.2795 1.4979 -0.3851 -0.9446 -0.4917 0.5555 0.6149 0.2813 0.8671 1.0057 -0.2125 -0.1137 0.5046 0.5247 -0.4176 -1.5548 0.8531 0.5788 0.0855 0.5858 1.0938 0.2251 1.1515 -1.5656 0.6263 0.0194 1.2177 -1.3845 0.0184 0.0370 1.1832 -0.2422 1.6911 -0.8869 1.1706 -0.9041 -0.5429 1.8027 -0.6662 1.7892 0.3909 -0.2796 0.5767 0.3248 -0.1706 0.5622 -0.0555 -0.0322 -1.0058 -1.3368 1.9187 -0.2109 -1.9380 -1.1292 -0.0536 -1.6480
2.2849 -0.2023 -0.1897 -1.2059 -0.7622 -0.1161 0.5893 -0.2759 -0.1832 -1.1627 -1.4019 -0.7056 0.3307 2.5728 2.1864 0.1344 0.6673 0.4694 1.3590 -0.6366 0.7180 -0.5149 0.4204 -0.8836 0.1476 -0.8757 0.1372 0.7520 -1.1340 -0.2285 -1.4460 0.8443 0.4387 -1.6234 2.1196 -0.5168 -1.5739 1.2690 -0.3422 -0.4307 1.2609 0.7167 -1.5224 0.9374 -0.0252 -0.0607 -0.8725 -0.3754 1.0687 0.8916 1.0683 -0.3262 0.9196 -1.3088 1.8442 -0.6201 -0.8745 -0.3429 -0.8629 2.1395 -0.1002 1.4588 -1.3142 0.2997 1.7544 -0.0334 -0.1926 -0.0169 0.3368 0.5420 0.2171 0.5000 0.1829 1.0694 -0.6054 0.1771 -0.7919 0.1145 2.1101 0.0586 -0.1001 -0.1542 0.5353 0.8884 -0.0285 1.8042
-0.4274 -0.0396 -0.1642 0.2671 2.0151 -0.0804 -0.5953 1.6223 0.9567 -1.5496 0.4182 -2.2062 1.1033 -0.6078 1.3026 -2.1550 -0.6412 -1.2724 1.7581 -0.6017 -0.4098 -1.3234 -0.3681 -1.3953 -1.4283 0.3942 0.0474 -1.8868 0.0547 0.1654 0.8260 -0.4260 1.5729 -0.5846 -0.0142 -0.9895 -1.7142 -0.2709 0.4125 -1.2257 -1.1654 -0.2922 -0.3497 0.0056 0.6290 1.6521 0.0102 -0.1256 0.0753 -0.5853 -2.1903 0.2150 -0.1761 0.4474 0.9317 0.0796 -0.8368 0.1133 -0.6298 -0.2021 0.8026 -0.4200 -1.7480 -1.5391 1.5769 -0.5719 -0.1137 0.4760 0.3605 -0.7830 0.8293 0.4602 2.4380 1.6898 0.0412 -0.2278 -0.7937 -0.6047 0.3688 1.4134 1.0816 0.9180 0.1959 -0.0953 -0.2698 0.3414
0.2198 0.8247 0.7296 0.4694 0.0610 -1.6118 0.1978 -0.2174 -1.0998 0.2165 -1.0048 -0.6534 -0.1090 -0.8504 0.4143 0.4524 1.4227 -0.7011 0.1886 0.1842 -0.2205 1.4701 -0.8987 -1.6077 -0.5033 -0.8839 -0.8958 1.1921 -0.2291 0.8906 -0.4874 -0.3040 -0.4493 -0.2059 -0.7177 1.2724 -2.0651 -1.2248 1.0509 1.2526 -2.2422 0.0475 2.2889 1.2097 1.0414 -0.7492 0.5555 -0.5230 -0.3274 1.0130 0.3155 -1.4566 -0.9140 -1.0608 -0.7362 0.7258 -0.2230 -1.0682 -0.2226 1.7933 -2.7540 -0.9269 -0.3044 0.1020 0.9160 -0.4666 0.1697 -0.7577 0.8988 0.4812 -0.9296 0.3853 0.7186 1.8933 2.3022 -1.0265 1.8396 -0.1737 -0.0622 -0.4153 -0.7012 0.2849 -1.2291 0.1655 -1.3049 0.0627
0.3619 -1.8690 -0.4386 -0.6097 0.0390 0.7408 0.1231 0.2819 -1.3284 -1.2886 0.3155 -0.9318 0.0167 -0.7454 -0.3397 0.0174 0.4537 0.0080 -0.2823 -1.3657 0.1875 -1.8009 -0.0068 1.6411 0.1298 -1.0696 0.1784 1.5158 -0.6415 0.2349 -0.7864 -1.6949 1.6815 -1.4581 0.1275 -1.0109 -0.1620 0.6421 0.1696 -0.5622 0.8313 0.9993 2.0636 0.2985 0.4402 0.3604 -0.6361 0.7883 -0.7191 -0.3971 -1.3861 0.1759 -1.2447 -0.5500 -0.6496 0.1738 -0.3267 -0.5421 -1.6426 -1.5645 1.5167 0.1018 -0.5849 0.9883 -0.2111 -1.2136 2.4647 -0.9656 -0.4680 1.0119 1.0711 -1.2845 -0.2577 0.5350 -0.0097 -0.3036 0.3140 0.6971 -0.3511 -0.9904 -0.9532 0.8063 -0.0567 1.1092 -1.9555 1.1321
0.4808 0.3416 -0.3817 1.6423 -0.8487 -0.6065 -0.1363 0.7319 -0.5417 -0.3703 -1.0650 0.9587 0.5201 -0.6264 -1.1389 0.1962 -1.5566 1.9534 1.0613 0.3449 0.2713 -1.7911 -0.7334 0.6759 -0.6220 2.0445 -1.5306 1.7605 -0.6054 -0.4600 1.2571 1.3222 1.8216 2.3476 0.3996 0.2266 -0.7916 1.9958 0.3763 -0.0439 -1.7311 0.1114 -0.7544 0.4059 -1.2073 0.6128 0.3766 -1.1287 -0.3893 -0.2319 -0.2717 0.8313 0.1495 0.4761 1.8142 -0.5323 1.8798 0.3853 1.3846 2.2800 -0.1581 0.1351 0.8691 0.0837 -0.4012 1.3602 0.4692 -0.2712 0.8882 -0.1253 -1.8401 2.1875 1.1539 0.3822 0.0284 -0.1218 2.0537 -0.6947 -1.0110 -1.9415 -0.6600 -0.6838 0.1608 0.7094 -1.7604 1.0885
-1.1831 -0.8330 0.2934 0.1199 1.9588 0.5963 1.6024 -0.3574 -0.1474 -0.6528 -0.4996 -0.6116 -0.9427 0.1588 1.0469 0.7683 1.5701 -1.8533 -0.3408 -0.2780 1.3480 1.0267 -0.6524 0.7069 -0.9587 0.3370 0.0074 -0.1962 0.4113 -0.3434 -1.4523 0.1162 0.8438 0.3474 -1.6300 -0.5092 -0.3987 -0.6359 -1.6705 -1.2919 0.3310 -1.0226 1.1478 -1.9231 -2.0826 0.1562 0.4517 0.5953 0.8314 -0.9901 0.4644 0.3920 -0.2287 0.2460 -0.5686 1.1515 0.1771 0.3461 0.2911 0.0558 0.9633 -0.5383 -2.1822 -0.3337 -0.4817 0.2090 0.9026 0.3556 -0.4289 -3.9412 -0.4348 -0.6813 0.1923 -0.7699 1.2285 -1.3199 -0.9760 1.1017 -1.0954 0.2644 -0.3188 1.1079 0.7760 -0.0182 -0.5596 0.4029
-0.3951 1.3623 1.0206 -0.5300 0.1628 -0.6377 -0.1173 -0.2021 0.5720 -3.4342 0.3956 0.2463 1.7006 0.3921 0.4762 -0.3409 0.6608 -0.9817 1.4427 0.9553 0.4045 0.1498 0.0093 -1.9625 2.9277 -0.1595 -0.1225 1.5417 0.3553 -0.7960 0.5983 -0.1752 -0.0485 1.8012 0.9477 -1.4888 0.7013 -1.5576 -0.5309 1.4693 1.3688 -0.1455 1.1101 -0.5987 1.2729 0.8195 0.6097 -0.9533 0.8309 0.7603 0.7744 -1.1081 -0.7817 1.1941 0.4177 -1.1006 1.0408 -0.5377 0.3030 0.3709 -0.9584 -0.7976 0.3534 1.8969 0.1393 -0.6908 -1.0012 -0.6357 1.4253 1.0020 0.0153 -1.4970 -0.1731 0.2234 0.4949 0.3830 -0.5255 0.1483 0.1194 0.2320 -1.2387 1.7883 -0.8207 1.4386 -1.0026 -0.9963
-0.7487 -0.6488 -0.3223 -0.6635 -0.1663 -1.6240 0.2092 1.1917 0.3931 0.5620 0.6049 -1.1213 -0.3745 -0.9379 0.0242 -0.0638 0.5695 0.6422 -0.3312 -1.0137 -0.4907 -0.5703 -1.8963 0.8437 -0.8514 0.9545 -0.3235 0.4209 0.8099 -1.3876 1.4162 0.7425 0.4080 1.0392 -0.3496 0.1191 -0.8012 0.6685 -1.2642 1.6946 -3.2855 -0.2724 -1.0788 0.7323 2.8380 1.7973 -0.2216 -0.6285 0.1498 1.2462 0.2326 0.8333 -0.4218 0.1026 -0.0564 0.5451 -1.2372 1.2929 0.3459 -0.5150 0.5712 -0.0916 -0.5929 -1.8462 -1.1526 0.2630 0.6883 0.4588 -0.6044 2.7137 0.5498 1.5772 -0.3931 -0.3421 0.6780 -1.1835 0.1411 -0.0621 -0.9922 -0.7640 2.0898 0.9728 0.7988 0.0610 -1.0277 0.8170
1.0913 -0.7700 -0.4180 -0.5459 0.2296 -0.1049 0.4730 -2.6141 -0.6277 -0.5255 -1.2566 -0.2812 -0.8123 -2.0665 -0.5690 0.6463 2.3153 2.3074 -0.8079 -0.4160 1.3889 1.6239 1.9732 0.7053 -1.7544 -0.2185 0.2966 -1.0919 0.0877 -1.1394 0.0940 -0.2720 0.1943 -0.5823 0.9078 -0.1986 2.5517 1.2036 0.8986 0.0958 0.7702 -0.3748 0.2200 0.0139 -2.4136 1.4161 1.3660 -1.1966 1.7712 -0.3523 1.1636 -0.1280 -1.3908 0.1673 -0.0539 -1.1279 -0.8058 -0.1731 -0.6186 0.9945 0.4451 -0.0621 -0.4715 -0.4018 0.8368 -0.5484 -0.9874 -1.2844 0.2034 -0.2000 0.5493 0.6189 -0.1007 -2.0356 1.0026 1.1152 0.1402 -0.5750 0.8183 1.1123 2.5435 -1.2323 0.9411 -0.8109 -0.3366 -0.3925
-0.8897 -0.2949 0.7217 0.6163 0.8594 -1.8933 0.9444 -0.4305 -0.5756 0.0168 0.1472 -1.8760 0.1643 0.1762 -0.3101 1.3112 -1.2947 0.7029 -0.9843 0.5655 1.5778 -1.6205 0.5436 -0.4445 -1.0151 1.1510 -1.2040 -1.2798 -1.1804 0.0102 0.3837 -0.6697 -1.4686 -0.2148 1.9835 0.5440 -0.6569 -0.7557 -1.3333 -0.5327 -0.8436 -2.0221 -1.2057 1.3135 -0.6816 0.5250 -0.6876 0.3891 -2.3215 -0.4204 0.2681 1.7918 0.1819 0.0079 -0.9800 0.3906 -0.5948 -0.0613 0.3646 1.2445 0.2329 -1.2742 0.1376 1.6000 0.0221 -1.0987 -1.1025 0.8730 -0.5327 0.2387 -1.9044 -0.0550 0.4470 0.0186 0.6840 1.4092 0.7193 -0.9168 -2.9595 0.8969 -0.6744 0.3161 -0.5201 1.9438 1.3712 -1.2474
0.0145 1.2553 0.2725 0.6782 0.2097 -0.8238 0.1013 -0.1182 -0.3860 1.2708 -0.5619 0.3171 -0.5194 -1.1122 0.5639 0.7002 -0.4699 -1.6512 0.0944 0.4345 -1.0784 -0.0269 0.8136 -0.6453 0.7366 0.3276 0.8932 0.0530 0.2285 -0.3225 -0.1462 -0.8600 0.2959 0.4402 -0.1664 2.2374 -2.1701 -0.7936 -0.4698 0.2317 -0.9378 -0.5951 -0.1994 0.9210 0.1289 -1.3534 1.2837 -0.6007 -1.6944 1.3710 -0.4124 -1.9849 -1.0806 -0.0702 1.5429 -0.8564 0.0243 0.2404 -1.3658 -1.2583 0.0966 1.1498 0.9783 -1.2095 1.0895 -0.3700 -1.1158 0.5324 1.7955 0.0297 0.4542 -0.3870 0.7408 0.0789 -0.2966 -1.6397 0.6204 0.0016 -0.4705 -0.3832 0.0671 0.3929 0.3008 1.2438 -0.0182 -1.0643
-1.1754 -0.4721 -0.5770 -1.9962 0.4440 1.0600 -0.5031 0.9975 -1.0449 2.0983 0.1238 0.9529 -0.9887 -1.6368 -0.0798 0.2641 -1.5785 0.6060 -0.6985 -2.6704 -0.7543 -0.5091 0.9112 -0.6228 1.2950 1.2934 2.0693 0.4557 0.9342 -0.5299 0.1423 -0.0475 0.7807 0.9465 0.3340 -2.0326 -0.3868 -0.6819 1.4191 0.7361 0.5754 0.9282 -0.6392 1.3332 1.2509 1.2799 1.1152 1.0790 0.4720 1.7161 -0.1071 -1.3879 0.6022 -1.7880 0.6294 0.9786 1.9014 0.8525 -0.0430 2.0453 -1.6475 1.5342 1.4722 0.2451 0.1086 0.4123 -0.6152 0.8431 0.4567 -0.0695 -0.0423 -0.2876 -0.3615 -0.6013 -0.6007 0.4439 0.9576 0.8802 0.8040 -0.0974 0.1471 -0.4423 0.9782 0.2932 0.4019 0.4098
0.3683 -0.2424 -0.7224 1.4680 -0.3800 0.9706 -0.5584 -0.5319 0.4182 -0.6078 1.5556 -0.1018 0.7653 1.7703 -0.4560 1.4472 0.5940 -1.6133 -1.3254 -0.2708 0.4548 0.4931 0.3043 0.1293 -0.3533 0.4649 0.2255 -1.6849 -0.8364 1.1014 0.1363 -0.3803 1.4445 -0.8793 -1.2793 0.4967 1.7105 0.6269 0.2430 0.8377 -1.5282 -1.2658 -0.4314 -0.1602 -1.2144 -1.2101 -0.6712 -0.4779 0.2113 0.8994 -0.4922 -0.7563 -0.2913 -1.3202 -0.2477 1.8612 0.1550 -0.0410 1.3108 -1.9523 0.4721 -0.3700 -0.4379 -0.6059 -2.8697 1.5855 0.8798 0.0357 1.1935 0.1090 1.4275 1.8872 -1.0145 0.4350 -1.8371 1.6715 0.1462 0.1362 0.1291 -0.6069 0.8734 1.1104 -0.4998 0.0484 1.1866 0.4717
0.3763 -0.2562 -0.7698 -0.7574 -1.9622 -0.5916 0.4273 -1.1913 -0.9503 1.1647 0.0549 -0.7486 1.6205 -1.3285 -0.1662 -0.6772 -0.6676 0.4407 0.9194 -0.5456 -0.5156 -1.9838 1.2226 -1.4625 -1.3553 0.6698 0.8967 1.6044 0.2849 0.7918 0.5765 0.7852 1.4249 0.4905 -1.3762 -0.9241 -0.0605 -0.0825 -1.0713 1.8144 -0.6757 -0.8444 -0.2557 1.4761 1.0588 0.6839 -1.8097 0.3685 -0.6811 0.5534 -0.8061 -0.4325 0.7804 0.0960 1.1127 1.0001 0.4332 1.1672 -0.0810 -1.3944 2.4422 1.2135 -0.1409 0.9730 0.9780 1.8917 0.4567 -0.8799 1.2731 0.8014 0.6763 0.4335 0.0201 -0.8843 -0.4771 -1.0010 0.3860 -0.3374 1.1587 -0.1060 0.6815 1.6303 -1.2167 -1.5291 -0.2702 0.0968
0.0407 0.1474 1.6259 -0.9362 1.2455 0.5516 0.8333 1.0492 -0.7570 -2.2309 -0.4502 0.2285 -0.1087 0.6319 -0.9138 -0.5030 -0.4820 -1.0516 2.1159 1.0641 0.6439 -2.0176 -0.0348 -0.6706 0.0592 -0.9458 -0.7962 -0.4681 0.0636 -0.7153 0.9913 -0.4938 -1.1216 -0.4411 1.4010 -1.3886 -0.2514 0.0809 1.9742 -0.5056 1.0631 -0.8834 -0.6585 -1.9071 -0.1207 1.8211 1.0923 1.1809 1.6779 -0.2090 0.5356 1.2646 -0.0523 0.4932 -1.1301 -0.8857 -0.4690 -1.7562 -1.7064 -1.7642 -0.1948 0.0883 -0.2721 -0.6854 1.8098 0.2365 2.0427 0.7854 0.5383 0.9852 0.9789 -0.9214 -1.1038 1.1698 1.4030 0.5117 1.1174 0.6891 -0.3808 0.2089 -0.7805 -0.5633 -1.0629 0.4032 0.2849 -1.2270
-0.8234 1.3007 -1.4655 -0.6292 -0.2229 1.2105 -0.1297 -2.4423 -0.1644 -1.0810 -0.1567 0.0107 -0.1858 -0.1558 0.1725 -0.3929 1.1226 2.0968 1.9011 -0.5465 0.0484 0.3361 -0.5877 0.7696 1.1277 -0.6286 -0.0652 0.6991 -0.0997 -1.4352 0.0821 1.0654 0.9145 1.1377 0.3864 -0.3021 0.2634 -1.5388 -0.1916 -1.1658 -0.9393 -0.1943 0.0216 -0.0175 -0.2882 2.0649 -0.3541 -1.3067 1.0199 0.9420 0.5533 0.2723 0.0055 -0.6315 -2.5591 -1.3449 -1.2922 1.5793 -0.6594 0.8677 0.7592 0.0410 1.5290 -2.8563 0.0971 -0.1423 1.2526 3.1602 -1.1299 -0.2728 1.0466 1.7866 -1.3288 -0.5571 1.4761 -0.7486 1.1053 -0.9813 -0.4170 0.6929 0.7074 -1.1686 -0.9369 -0.7033 -0.4173 -1.9682
0.3214 0.3778 -0.6118 -1.0285 -0.7176 -0.5925 -0.9160 -0.6428 1.2387 -1.1566 -1.2143 -0.1451 0.8281 0.1279 0.0366 -0.8683 0.0740 -0.5534 0.6573 1.4832 -2.1591 0.0679 0.4134 1.5554 -0.1064 0.4601 0.8430 -0.8631 -0.4618 0.1859 -2.2951 -1.0083 0.8707 -0.3198 -1.8048 -0.8411 -0.6771 1.5888 0.4483 -1.3676 -1.0686 -0.2724 -1.7432 1.0646 0.6498 -1.1395 0.8426 -0.6646 1.6801 1.6215 1.0007 0.7679 0.7569 -0.3609 -1.5228 -1.2232 -1.4155 0.0421 -0.5894 -2.0896 -0.5800 1.0048 -0.0624 0.9221 0.5315 -0.1562 -1.2124 -1.3176 -0.0406 -0.4054 0.7417 -0.7451 2.3735 -0.5536 0.1255 -0.3267 -0.6434 -0.7107 0.4770 -0.3819 0.2001 -1.7572 1.6256 1.2438 -0.6410 0.0003
-1.0810 0.4864 -0.4914 -0.0159 0.6823 1.6165 -0.7784 -0.7129 -0.5245 -0.4377 -1.6907 -0.1643 -0.7997 -0.2573 0.1278 1.4764 0.7364 -2.1488 -0.2287 -0.0710 -0.9045 0.4636 -1.5982 -1.1313 0.0993 -1.7269 -0.3907 -0.2107 -0.8019 -0.9638 1.2355 -0.1241 -0.9509 2.2485 -0.2521 -1.2489 1.6344 0.3352 0.8045 -0.1723 -1.3809 0.8252 -0.0076 -0.1646 0.5981 -0.5172 1.6464 -0.0350 -0.5428 -1.3125 1.4050 -0.5497 0.4296 0.5444 1.5830 -0.7564 -0.5961 0.4092 -0.8635 -0.1721 1.0290 -1.6905 0.3440 1.2626 0.3379 -0.6554 -2.2172 0.9973 -1.1980 1.8950 -1.0527 -1.0808 -0.8551 -0.5491 -0.0172 -2.3935 1.1757 0.2566 0.0722 -1.3194 -0.1073 -0.3022 -1.2843 -0.6912 -0.1204 0.6653
-0.1511 0.3313 -0.3360 -0.5061 0.5181 -0.1118 -0.6615 0.7839 -1.7887 0.2173 -0.6465 -0.7260 -0.8963 1.0288 0.0653 1.5938 1.5366 0.9714 -0.1923 0.5025 -0.0935 1.9988 -0.1486 0.9992 -1.0344 0.1385 0.3448 -1.2760 -0.3786 -0.4318 -2.0670 -0.7714 -0.2618 1.5360 -0.2225 0.1894 0.7892 -1.2014 0.9171 1.2335 0.2599 0.9242 -0.1953 0.2102 -1.6331 -0.3727 -1.0192 0.4339 1.3362 -0.2419 -1.4874 -0.8938 1.1965 -1.6640 0.0203 0.0705 -0.2694 0.6502 -0.7070 0.3393 0.2800 -0.1854 -1.4492 1.1224 0.0525 2.0286 1.9163 -1.2216 0.7116 1.6813 1.1651 -1.2765 -0.9134 -0.4831 0.2308 -0.7837 -0.3721 1.0761 -0.3026 -0.6315 -0.3010 0.4750 -1.1463 -0.5085 -1.8005 -0.2328
0.7092 -0.6192 0.0922 0.6262 0.7778 -0.6151 -0.5455 -0.1867 0.4731 1.0408 0.0348 0.0625 -1.4281 0.3704 -0.3734 0.0053 -0.5786 0.4447 0.1226 -0.1260 0.9017 1.3367 -1.1372 -1.1966 1.0340 0.9417 -1.1120 0.1868 0.7979 -0.9392 0.1811 -0.6410 -1.2918 2.5294 -0.1340 -0.2702 -1.0183 0.7583 1.1130 -1.3139 0.7650 0.4410 2.7869 1.0529 -0.6794 0.9744 -0.5791 0.6824 -0.9920 -0.1980 1.0302 -0.1126 0.0382 -1.5059 -0.6577 0.7977 -0.9913 -0.1234 0.0430 -0.4773 0.3611 -1.2504 -0.5820 -0.0989 -1.1100 1.2200 -0.2502 2.2015 -1.2824 0.3099 1.8268 0.3642 0.7347 -0.0212 2.6553 -0.7403 0.5737 3.2467 0.0091 -1.5799 1.5464 1.0277 -0.1717 0.3200 0.4269 1.2474
