24
-1.3699 0.1156 0.4146 2.0282 -1.0906 -1.8042 -1.0066 0.0251 2.1400 -0.8406 -0.2582 -0.2089 -0.6162 -0.1601 -0.0732 1.1575 0.0795 0.0682 -0.3789 0.7687 0.4883 -1.2202 -1.4182 -0.3921
-1.1548 1.5232 -0.2417 -1.5670 -1.5513 -1.2700 1.3560 0.6896 0.6818 0.0437 -1.2668 0.3403 -2.1021 -0.7587 -0.7756 0.0252 0.3814 0.2601 -0.4698 1.1088 -0.9189 1.5238 0.6046 0.7491
-0.5754 -1.8757 -0.1558 0.7197 1.2548 -0.1824 -1.5103 1.4180 0.5190 0.4739 -1.6855 1.9878 -0.2305 0.4577 0.4359 0.1435 0.7287 -0.1538 0.9156 0.4095 -1.4510 1.2751 1.1046 0.3056
-0.9143 2.9238 0.4380 -0.5799 1.8502 0.3916 -1.3687 0.6230 0.5193 -0.7465 1.2291 -0.9302 -0.4127 -0.4335 -0.0007 -1.7924 0.9360 -0.1640 -0.9649 1.0202 -0.2523 -0.4311 0.9661 -0.5272
-0.2492 -1.3764 1.4380 0.4395 -0.3385 -0.7569 1.3850 -0.3445 0.6281 -0.0503 0.6407 0.7525 -1.4039 -0.3237 0.3929 1.0597 -0.9135 -0.3936 0.8663 0.7858 0.5252 0.8631 -1.6356 -0.5716
0.1822 -0.8147 -0.3653 -0.4016 -0.1608 -0.2541 -2.1517 0.2193 -0.7038 0.8025 1.2551 0.0327 0.1342 -0.3756 -2.6049 -0.0303 0.1286 -1.4924 0.1509 -0.9650 -0.6213 1.0001 -0.5173 0.9784
-1.5748 -0.0245 0.9971 -0.5407 1.6199 0.6500 0.8277 0.4801 0.7228 -1.8969 -2.8579 -0.1142 0.3194 0.1435 -1.7873 0.1966 0.9179 0.9872 -0.4980 -1.7568 -0.2698 -1.0678 -0.8276 0.4071
-0.5773 -0.5392 -0.2606 0.2082 -0.3012 -0.7510 -0.9809 -0.1786 1.5492 0.4490 0.9340 0.9555 1.1282 0.2453 -0.7795 0.0723 -0.0519 -1.1352 -0.1422 -0.0054 0.5516 0.4733 0.3106 -0.9780
0.4193 -0.6358 -1.9186 0.2057 -0.7050 0.5303 -0.5465 1.5451 0.2321 -1.9478 -0.0391 0.0444 0.0090 -1.1132 0.4872 0.3602 1.0820 -0.0249 0.1870 -0.0686 0.6136 -1.1403 -0.1870 1.7986
1.4154 1.1647 1.5516 0.8656 0.0029 -0.1403 -1.2771 0.8793 -0.0838 0.5805 0.2758 0.5256 0.0580 -1.2746 -0.8009 -0.0767 -0.8730 -0.0632 -2.2031 -0.1875 -0.7469 -1.0315 -1.8229 -0.7333
-0.2150 1.7584 -0.2343 1.2257 -0.2765 0.0379 0.0950 0.4317 -0.2315 -0.3374 1.2803 -0.0152 -1.9075 -1.4482 0.9515 -0.8400 0.5096 0.2750 1.2217 -0.3786 -0.8392 0.9611 1.3552 0.4906
1.2534 -1.0052 -0.2248 0.0264 -2.5888 -0.6622 2.4812 1.1429 0.2525 -2.0256 0.4729 0.7937 -0.0236 -0.6627 1.8325 0.1648 -0.4391 -1.7416 -2.1173 1.0356 -0.5472 -0.3413 1.9017 -1.0820
-0.3577 -0.2314 -0.9340 -1.0487 1.9857 0.8944 -0.7135 1.7277 1.5009 1.0642 1.2424 1.1617 0.9259 0.8185 1.2923 2.7212 1.6066 -1.4959 0.1349 0.3481 -2.2749 0.4395 0.6956 0.4347
0.9892 -0.2972 -1.4440 -1.7918 -1.3532 -1.4375 0.2493 0.4040 0.6677 2.0887 -0.6802 0.6038 -0.4728 0.7813 -1.2387 -0.9575 -0.3033 -0.2209 -1.4296 0.2863 0.9996 -1.0219 -0.0918 0.0381
-0.4142 -1.0026 0.1519 0.2777 1.5650 -0.7039 -0.5891 -1.5081 0.1345 0.0850 -0.7982 1.1689 0.2421 1.7824 0.5456 -0.6684 -0.3760 1.2302 0.1835 0.4428 -0.2321 0.2024 1.2121 -1.1512
-2.3876 0.7868 0.7183 -0.1337 -1.4152 0.6023 1.0266 -0.2663 0.3336 -0.9056 0.9851 -1.6898 -0.5840 -0.2608 0.6418 -0.1087 -0.3091 -0.5291 -2.2042 0.0470 -0.7100 1.2847 1.0016 -0.4580
0.6193 -1.4221 0.9219 -0.2514 0.4742 0.5056 -0.4129 -1.1553 -0.5180 -0.1714 -0.0806 -0.7018 -0.3004 0.6115 0.4570 -0.0769 -1.6062 -1.3216 0.4970 1.3255 -0.1595 -1.6411 -0.7476 -0.4758
-1.4571 1.7279 0.5555 -1.0429 0.0693 0.2999 -0.1329 0.4734 0.5450 -0.4354 -1.1202 -1.9063 -0.5255 0.2656 0.4193 0.7724 -0.3295 -0.1972 -0.9652 0.3719 -0.0130 0.1730 0.1285 -0.4350
-1.1591 -0.3224 0.7717 0.0408 -0.5815 0.0635 0.5768 -0.3829 -0.8874 -0.2665 0.9943 1.1335 -2.8139 1.3465 -0.1158 0.1916 0.7537 -0.3571 0.6802 -2.6697 -0.8221 0.8122 -0.3398 0.9537
0.8856 0.6577 -1.2841 0.2037 -1.3471 -1.7839 -0.3380 2.1666 -1.8192 0.6422 -0.1640 -0.8055 0.3411 0.0787 1.0551 -1.7788 0.3635 0.4590 1.2567 0.2802 -0.6982 1.9420 -0.1968 -0.2475
2.0543 -0.3051 0.3860 -0.1176 0.1238 -2.4299 0.0638 -0.4556 -0.3425 -1.6608 1.4313 1.5941 0.6803 -0.8945 0.5759 -0.0595 -1.0886 -0.9616 0.3361 0.2449 -0.5704 -1.0375 0.2166 0.3917
0.0186 0.0664 -0.2457 1.1230 -1.6792 -1.2381 0.5755 -0.1430 1.2819 -0.0760 -1.4254 0.7307 -1.0663 0.4795 1.5746 0.6470 0.8977 1.6975 1.4513 0.0872 -0.2160 1.0582 0.2720 1.2456
-0.8910 3.9118 -1.3049 1.1460 -1.0696 1.9141 0.6050 -0.6294 0.7545 0.9723 0.7768 -1.0089 0.1295 -0.8040 1.4279 1.2615 -0.4494 -0.4563 0.9796 -0.1914 -0.8996 -2.0009 0.5782 1.2605
-0.1139 0.1986 -0.0697 -1.0995 -1.9953 -0.7094 1.6941 -1.5871 0.5503 -0.4225 0.6632 0.0176 1.2888 -1.6442 -0.1229 -0.8861 -0.3878 1.1487 -0.1973 2.8801 2.4340 -0.8517 1.5052 -2.0310
