46
0.6468 1.1748 0.2958 0.6156 -1.0853 -1.4253 -0.1498 -0.4752 0.7394 0.3116 0.9039 1.3819 -0.7349 1.7563 0.7289 0.7578 -1.3474 -0.6067 -0.7289 -0.9033 0.2410 0.3240 1.1287 -0.4388 -0.1657 -0.1146 0.7146 -0.7855 -0.8715 1.1989 0.6458 1.2392 0.4414 -0.8823 -0.4822 -1.0729 1.2656 -1.4417 1.1542 -1.3387 1.9502 -1.4711 0.7116 1.1748 0.2375 0.8083
-1.5199 -1.2263 0.5314 1.0709 1.1796 0.5999 1.4335 -0.4199 2.2310 -0.7160 -0.5276 -0.1728 -1.0226 -0.9778 1.7429 -0.8925 -0.9853 -1.9283 0.7518 -0.8859 0.3957 -0.1412 -0.8943 -0.4176 -0.7246 -0.8790 -0.0008 -2.2180 -0.6714 0.1833 0.0538 -0.5922 -0.2719 0.2621 -0.0549 0.4223 -0.8934 -0.2099 -0.9737 -0.7249 0.7438 0.8558 2.1921 0.5019 -0.2365 2.3083
-0.7741 0.8336 0.4853 -0.6338 1.3986 -0.6106 1.0698 1.6470 0.8601 0.8216 -0.1538 -0.0641 -0.5229 -1.4721 1.0374 -0.9790 0.3200 -0.2618 2.2138 -0.6396 1.1936 0.1199 -0.2690 -1.3478 -1.8320 -0.4470 0.7362 -0.9842 0.2606 0.9784 -0.2117 0.2148 1.1400 0.7486 0.3745 -0.7241 -0.9032 0.3513 0.0491 1.3499 0.0441 -1.5456 1.5053 -0.2448 -1.4008 -1.1053
0.6905 -0.6887 -0.3993 0.2022 -0.5781 0.3116 1.8522 1.3275 -0.2995 0.9518 -0.1665 0.9119 1.5911 0.1598 -0.3999 -1.7241 0.8703 0.6954 1.8865 -1.2886 0.0966 2.1487 0.2131 -0.8455 0.2264 0.2925 0.0168 -0.2504 -0.7295 -0.0131 1.6068 1.2237 -0.5184 -0.0742 0.6694 0.2116 0.9291 -0.2012 0.0226 -1.1485 -0.2541 -1.6165 0.2189 -0.7792 -1.2995 0.0117
0.5723 -1.5543 -0.7825 -0.3495 0.6091 -0.0700 0.1211 -0.3015 -0.6716 0.5759 -0.4097 -1.4441 -1.7281 0.2986 -0.4964 1.0563 0.8847 1.6557 1.3557 0.1014 -0.7039 -0.3409 -1.3833 -0.3186 -0.1708 0.1877 -0.1827 1.0150 -0.1723 -0.4679 0.2905 0.9190 -0.5001 1.3832 0.0354 0.8741 -0.7674 -0.2263 -0.0371 -0.7592 1.2923 0.5362 -1.0766 0.0532 -1.8516 -0.5069
1.3995 1.1193 -0.3725 1.1704 -0.5724 1.1629 1.0665 0.7367 1.3775 0.4025 0.4677 -0.2209 2.3394 0.2928 -1.9962 0.3341 -1.0395 0.6704 0.4601 0.9141 -0.5016 0.5009 -2.7449 -0.9925 0.0976 -0.1846 0.5041 0.4283 -1.7315 0.0040 -0.0612 -0.2440 -0.1730 -0.4693 -1.8057 -0.2111 -0.0449 0.0949 -0.2879 1.5918 -2.0609 0.0787 -2.6471 0.2812 -0.7694 1.4455
0.8668 -0.2428 1.7765 0.9411 0.3843 -0.3693 -1.5956 1.2902 0.0011 1.1262 1.4321 -0.5884 -0.9920 -1.5912 0.8933 -0.1793 -2.0216 -0.5036 0.1026 -2.7772 0.9811 2.1313 -0.8918 -0.2591 0.0611 -0.8682 -0.4910 -0.2871 0.9168 -0.5793 -1.0492 -0.4686 -0.6231 -1.1908 1.6079 0.1605 -1.2279 -0.1483 0.1109 0.9487 0.8537 0.7694 -0.0871 1.1786 -0.0607 1.3981
-0.0460 1.5616 1.1464 1.8670 -1.7949 -1.0255 0.3805 0.6798 -0.7842 1.3986 -0.2889 0.1754 -0.2399 1.0831 0.3757 -0.3885 2.9809 0.9089 -0.5542 1.5386 1.7437 -0.7962 -0.2456 -0.1201 0.0711 0.8170 -0.2071 0.3068 -0.5768 -0.1004 -0.3995 -0.0413 -0.8703 -1.1383 -2.0190 1.1466 1.1673 -1.4130 -0.3329 3.1528 1.0813 0.5631 -0.8959 -0.5824 2.0824 -0.7108
0.1583 -0.3187 0.2668 0.1580 -0.3438 1.4220 -0.6999 0.6493 1.8099 0.1373 -0.5405 -0.3164 0.2553 0.0573 1.1749 0.1165 1.7771 0.2268 -1.2504 -0.1409 0.3609 -0.8108 0.3490 0.6239 -0.1356 0.3251 0.6200 -0.2212 -0.8844 0.0333 0.1216 -0.8395 0.2111 -0.0732 -1.0625 0.4497 -0.3724 0.1024 0.4379 1.6757 -1.3406 -0.9445 -0.3817 0.1105 1.1787 1.1268
0.4139 0.9478 0.5525 -1.1029 -0.3961 0.0565 -1.1146 -0.9260 0.1447 0.3191 -0.6382 1.3830 0.7404 0.5858 -0.0145 -1.2727 0.4556 0.1211 -0.7098 0.4952 -1.4487 -1.8416 0.5841 0.3327 -0.3474 -1.6216 -0.7507 -0.4452 0.1988 -0.0559 -0.9070 0.6036 -0.0578 1.8173 -0.6023 -0.9147 0.1871 -1.6884 0.2444 -0.6820 0.7145 1.4847 0.2119 1.0163 0.0574 -1.3549
0.2664 0.6196 -0.3335 -0.3644 -0.9463 -1.2931 0.8626 0.6919 -1.3903 1.4439 1.1706 1.4669 -0.1629 0.9175 -0.2650 0.1232 1.7359 -0.8314 -0.0765 -2.0756 -0.2477 1.6056 0.7068 0.9738 -0.0445 1.0265 -0.4174 -0.2840 1.3944 -0.1432 -1.5327 1.0440 0.2533 0.6547 -1.3412 -0.7813 1.0915 -0.4016 -0.7155 -0.1171 0.5853 1.4185 -0.1275 0.1566 -0.5083 0.3486
-1.5943 -0.0534 -0.1302 -1.0533 -0.0876 -1.1383 0.3310 0.6633 0.0938 0.0463 0.9247 -2.3697 -0.9938 0.1248 1.2921 0.1455 0.9501 -1.3943 -0.4443 2.2987 1.3889 0.8719 0.9418 -1.3855 -0.0964 -0.9356 -0.4695 -1.1318 0.9718 1.0130 -0.0549 0.8161 0.3583 0.7421 0.0692 -0.4705 -1.1329 0.3073 -0.4418 1.2882 -0.5868 0.0820 1.8074 -1.3895 -1.1033 0.3083
-1.2369 1.5880 -1.3680 -0.9478 0.6384 0.3813 -1.4618 -2.8930 1.4418 -0.1852 -0.0505 -1.1952 1.3119 -0.6194 0.1587 1.7286 2.8927 -0.1593 -1.0586 -0.2211 0.5029 0.9176 -1.6111 -1.7975 -0.3543 -2.1370 -1.4204 0.2403 0.4499 1.6068 1.2031 0.1733 0.0461 -0.6563 -0.4801 1.1669 -1.3691 -0.0328 1.4609 0.1439 -0.0676 0.4836 -0.1665 -0.2491 0.3810 0.0345
0.0009 2.2012 1.3319 0.6020 -1.2437 -2.6269 -1.4893 1.5374 0.8765 -2.7432 -0.5372 -0.2579 1.4672 1.0810 -1.3090 -1.2972 0.6955 0.9077 0.9208 -0.9731 -1.4239 0.5093 -0.4268 -0.0024 -1.7522 1.4404 -1.3505 -0.3712 -0.1727 -0.6035 -0.4461 -0.1363 -0.2792 -0.7834 1.1627 0.3395 -0.9104 1.0599 -0.1261 -1.7215 0.2569 0.1879 1.9869 -1.0119 -0.9467 -0.1988
-0.1294 -0.2695 0.5864 -0.0866 -0.8308 0.3564 2.6406 -0.1809 1.8174 -0.5014 -0.2724 -0.4790 -0.3505 -1.8862 1.2934 -0.3785 1.4177 -1.4021 0.8818 -0.1517 -0.3288 -0.8881 -0.0821 1.0734 -1.5424 0.2198 0.9384 0.1135 0.3586 1.9415 -0.2630 0.7867 0.5231 -0.9572 -0.5147 1.2438 0.6224 -0.0635 -0.8784 0.7173 0.4634 0.0141 1.4952 0.6588 0.2739 -0.8658
0.3635 -0.4980 0.2720 0.1076 -0.1350 -0.1255 -0.7159 0.6476 1.1483 1.9291 -1.3806 1.8884 1.7605 -0.9560 -0.4562 0.2245 -0.6208 0.8473 -0.8980 -1.1796 -1.4753 -2.2652 0.3722 0.6262 -0.6627 -0.0993 -1.5979 1.6024 -0.2466 0.3562 -0.7014 -0.5276 -0.1311 0.2903 -0.6328 -0.7507 0.3388 -1.2265 0.1886 -0.5535 -0.3497 1.7665 -0.3675 -0.9932 0.9883 0.6530
-0.8581 -0.5017 -0.8745 -1.7512 -1.5334 0.5167 0.2256 0.1235 1.6576 1.4914 -1.4655 -0.5407 1.1656 0.4209 -0.5181 -0.8362 0.3137 0.0908 1.2205 1.3099 0.1362 0.4403 0.4946 0.1242 -0.9394 -1.1531 1.7184 1.6737 0.3252 0.8462 0.2033 -0.7703 0.4029 1.5079 0.0971 -0.4675 -0.9785 1.1270 1.0214 0.0400 -0.0502 -0.2177 -0.9539 -1.1473 2.1091 -0.2803
1.3771 -1.2397 -0.7368 1.1401 1.0634 -0.7622 -1.1622 0.0244 1.7306 -0.2258 1.0208 -0.9072 -0.6993 -0.7609 -1.6092 1.4533 -0.3823 1.0243 -0.5847 1.2646 1.3520 0.9259 -1.0614 0.7077 2.3952 -1.3477 0.4918 -2.0923 -0.9309 0.5875 1.3999 1.0268 -0.1917 0.7138 0.7246 -1.7595 -1.4095 0.5700 1.8641 -1.5160 -0.3015 -1.9313 -0.1344 -0.6923 0.0404 0.5873
0.1978 -0.3987 1.3568 -0.6578 -0.7129 -1.6271 -0.0179 -2.3354 1.4672 0.9988 2.3395 -0.7744 0.6231 -0.6681 -0.2505 -0.2524 -0.1803 1.0385 -0.0637 -1.0055 0.8227 0.0519 -0.1599 0.5708 0.6906 -0.0355 -0.3823 1.2780 1.9493 0.2843 -0.2697 -1.2190 0.1264 -0.5173 -0.9959 0.3456 -0.8529 1.1577 -0.6559 1.5306 -0.6747 0.1983 -0.7553 -0.7610 -0.7240 0.6235
-0.1159 0.3950 0.1489 -1.2961 -1.1323 1.2311 0.1255 -0.7022 -0.7087 -0.6555 -0.5292 0.7772 2.0537 0.1174 1.8665 0.4387 1.1678 0.0069 1.4414 1.2961 -0.7110 1.4037 -2.0230 -1.2282 1.0294 -2.3584 1.0380 0.8618 0.9229 -0.1675 -0.9109 -0.9744 -1.5690 0.7582 -0.1650 -1.7977 0.4096 0.4357 0.0093 -0.0261 0.5979 0.7177 0.9551 0.5192 -0.2893 0.1017
-0.4560 -0.3872 -0.7380 -0.1052 -0.8369 -0.3455 -1.2048 -0.5913 -1.0803 -0.9501 -0.4107 0.7483 -0.0348 -0.6701 -2.8878 -2.3710 -0.2732 2.4642 -0.9406 -0.0277 -0.6319 0.2178 0.9275 1.4100 -1.1841 0.2382 -1.5488 -0.9204 -0.0757 0.9086 0.4170 -0.7018 -0.0949 -0.2223 -1.1777 -1.7702 -0.8019 -0.2152 -1.5937 -0.1831 0.7145 -1.6539 0.2491 0.0805 -0.7789 0.3781
0.2391 -0.2146 1.4582 -0.5201 0.5509 -0.6924 0.7410 0.3881 1.3422 1.1075 -1.1687 0.2269 0.3923 1.3716 -0.0583 0.8359 -0.4457 0.0157 -0.0295 -0.0426 0.2289 0.5361 1.7447 -0.1444 -0.1936 -0.7337 2.1238 -0.9628 -1.3559 -1.2293 0.0662 1.4648 -0.3897 0.1437 0.1999 -1.0614 -0.0820 -0.1082 -0.4176 -0.4860 0.7247 -0.4103 1.2528 0.9947 -1.6388 2.0193
-0.9326 2.9910 2.9044 -0.2076 -1.0150 -0.5827 0.4237 0.6706 0.1660 0.2587 0.8877 0.0671 0.4653 0.5208 0.1418 0.8620 1.2829 -0.9088 1.4732 0.1642 0.4230 -0.0114 -0.1507 0.5561 0.6032 0.4876 1.0676 -0.6590 -1.7877 0.7038 0.4430 0.2026 -0.3538 -0.2966 -0.3000 -1.4025 0.2353 -1.1495 0.8966 -0.5338 0.2896 -0.7756 0.4245 -0.5362 -0.8356 -0.0339
-0.8056 -1.6507 -0.4062 -0.3423 -1.3767 2.4032 -0.6155 -0.5328 1.5508 0.6952 -2.0494 -0.5458 -1.2258 0.3198 0.6760 1.1945 -1.3550 -1.8364 0.0870 -0.7316 -0.1003 -0.6469 -0.0509 0.7544 0.3873 0.1475 -0.6048 -0.3900 -0.5271 -0.7840 -0.5785 0.1476 0.5875 0.7036 -0.3682 -0.9858 -0.2131 0.8303 0.1536 -0.8312 -0.3581 -1.7515 -0.5324 -1.0110 0.0847 0.6820
0.8833 -0.1008 -0.8516 -0.7384 0.8732 0.3109 -0.9232 -0.3739 -0.2819 -0.3410 -0.2974 0.1045 1.4105 -2.0921 -1.2297 -0.7727 -2.0286 -0.4820 0.5157 0.2945 -0.7681 0.9628 1.1477 -1.3486 0.1058 0.0160 0.0263 -2.3447 -1.3150 0.1256 0.6645 -0.1947 0.2743 -1.0169 3.5378 -1.0012 1.1386 -1.0939 -0.9258 0.0332 -0.0920 0.7215 -1.0012 0.2518 -0.0219 2.1812
0.3614 1.3516 0.7147 -0.0739 0.7665 1.2096 -0.5839 0.3542 -1.1738 -0.3530 -1.2636 -1.6035 0.0869 -0.3371 0.4688 0.5899 -0.4257 2.0262 0.5564 -0.1935 -0.3453 0.5109 0.0467 -0.3932 -0.0372 -0.6839 -0.6228 1.9058 1.2647 -1.1860 0.4922 -0.1354 -0.4401 0.4437 1.1990 0.6842 -1.5308 0.4265 -0.8482 -1.4823 1.3729 -0.1423 -0.5605 1.5663 -0.2385 -0.9246
-0.5458 0.6571 1.0474 -0.5583 0.2417 -1.1558 0.9380 -0.7268 0.1118 0.9477 -1.8952 -0.4985 0.1654 0.3000 -1.8872 -0.3332 -0.8823 -1.7903 -1.7610 -0.8514 1.1490 -0.0048 -0.0020 -0.0711 -1.7417 -1.3508 -0.5582 1.1653 0.0598 -0.8674 1.0283 0.6461 1.1310 -1.0228 0.3228 0.5890 -2.0404 -0.5913 -1.1693 -1.4308 -0.6540 0.2251 1.1382 -1.0888 -0.8365 -0.8412
-0.7251 0.7777 1.2692 0.2824 1.2075 1.9097 1.5496 2.1373 -0.6358 -0.9411 0.9410 -0.8855 2.1385 0.6346 1.6005 0.9094 0.2928 0.9097 -1.1695 -0.9839 0.9776 -0.2391 -0.5257 -1.0714 -0.0369 2.0201 -0.6123 -0.6363 -0.9467 -0.5111 -0.2086 0.2398 -1.0722 -0.2243 -0.4161 1.2988 -0.7057 0.1785 0.7323 -1.4793 0.7534 2.7639 0.5027 -1.4096 -0.4026 0.6317
0.6621 0.4158 0.1642 -0.1957 -0.6595 0.5772 0.8530 0.3419 0.5781 0.7588 0.0930 0.8352 -0.6408 0.6442 0.0968 -1.8282 -0.2793 0.9789 2.1047 -0.2477 -0.2245 0.6046 0.2726 -1.0447 0.0950 2.0618 -0.6894 1.2300 -0.1172 1.0811 0.5333 2.4874 -0.2280 1.7310 0.7364 -0.4917 -0.9477 0.5198 1.3591 -0.6209 -1.0601 0.2847 0.6880 -0.0753 0.3715 0.0425
-0.1436 -1.2056 0.4935 0.0076 -0.9110 1.9014 0.1651 -0.4115 1.5568 -0.1845 -1.0938 -1.5518 -0.2252 2.0216 -0.6173 -1.5370 -0.8402 -0.1203 -0.4992 0.9112 -1.4235 -0.4815 0.0653 0.0246 -0.2204 0.6636 0.9498 0.3119 0.1096 -0.2946 -0.7455 -1.2545 0.5465 -1.0250 -0.0826 -0.1132 -0.5196 0.6011 0.5484 1.1986 -0.6367 1.7124 0.1536 0.1973 -0.5648 -2.1867
-0.9978 0.1112 -0.4662 0.5438 2.3820 -0.3885 0.3124 1.6610 1.3874 -0.2740 -0.3273 -0.7582 -1.5818 -0.5406 -0.0953 -0.6907 0.4705 0.7473 2.0045 -1.4949 -0.3369 -2.1396 -0.9745 0.6996 -0.8482 0.5231 1.3425 -0.4527 -0.1585 1.0979 -1.7074 -0.5601 1.8474 2.8029 0.0566 0.6630 0.6125 2.4456 0.2120 0.3785 1.2132 0.4331 2.3766 0.5933 -1.8484 -0.7542
0.1962 0.5897 -0.9725 -1.1793 1.7261 0.1029 0.0716 0.0032 -0.2938 -0.3037 0.0451 -1.6606 -1.6213 2.2713 0.4890 -1.0502 -0.3213 -0.9205 -0.2427 0.4680 1.2345 0.6721 0.0228 0.4016 1.0647 0.2546 0.5566 -0.0742 1.0962 0.1127 0.8970 1.1160 -1.0512 -0.4134 0.7974 -0.7896 0.2957 -0.1505 -0.3279 -1.1209 -0.7576 1.2899 -1.0418 -0.0172 -0.7553 2.2863
-1.2207 0.5078 0.6380 0.6611 1.4010 -0.8123 -0.1314 0.1045 -0.8125 0.3283 -0.7107 0.1162 0.3407 0.3105 -0.5535 -0.6145 0.3817 0.5196 0.6586 -2.3875 0.2618 1.6774 -0.0942 -1.2010 0.0765 -0.4209 -0.5125 0.6178 -0.4318 -0.5262 0.0356 0.0373 -0.8112 -0.6757 -3.4133 0.4688 0.8876 -0.5887 0.0422 0.7072 -0.5408 -0.3077 0.7687 1.6806 0.1721 0.0972
-1.7379 -0.1616 -0.9514 -1.5046 0.4611 -0.2307 1.0794 -1.4493 -0.2262 -0.4567 0.8181 0.2115 -0.7482 0.8926 0.8832 0.8505 1.2369 2.4590 0.1635 -0.2689 -0.7301 -1.0915 -0.1174 0.8506 -1.8020 1.0070 0.5554 0.0129 0.8831 -1.2851 -0.2526 0.1852 0.0887 1.6352 1.0652 0.6278 -1.1140 -1.7254 1.6635 -0.8765 0.0324 -0.5073 -0.8133 -0.7428 -0.9566 -0.9448
-0.8110 -0.9051 0.6430 0.1285 -0.0904 -0.4748 1.0377 -0.7696 -0.7587 0.1808 0.2992 -0.4714 2.0645 0.7253 -0.1721 0.9364 1.4176 1.7488 0.5185 2.0887 1.4838 -0.4383 1.0570 -0.2064 -2.5598 -0.2314 0.8996 -0.7575 -0.7651 1.3918 -1.7726 -1.2733 0.7333 0.2087 -0.0336 0.2690 0.2243 1.1136 0.3266 1.3494 -1.1406 -2.1557 0.3989 2.0804 -0.3214 -1.2466
-0.5069 1.7678 0.6603 1.3051 0.5976 0.8835 -0.1967 0.7594 0.1687 0.7410 -0.3145 0.7205 1.3850 0.5851 0.0825 -0.7228 -0.1381 -0.0983 0.1392 0.2694 0.2793 0.7020 -1.3600 -0.6503 -1.1254 -0.6810 -0.3783 -0.0963 -0.2124 0.3127 -0.1927 -1.7822 -0.0575 -0.0102 0.9457 0.2471 0.8235 -0.3569 -0.0611 2.6190 -0.8563 0.7253 1.4750 -1.1765 0.4366 0.4795
0.9011 0.8273 1.2485 -0.6152 -0.7637 -0.3249 0.8007 -2.1867 1.7598 0.1360 -0.8091 0.8269 -0.8476 -1.3623 0.2457 -0.6689 1.4833 -0.4703 0.8981 1.1553 1.2154 -0.9916 -0.6055 1.3098 -1.3536 1.7784 0.3874 0.7406 0.8104 -0.7563 1.0004 0.6191 1.2024 0.6967 -0.8510 -0.2697 -1.1708 0.4188 -0.1535 -0.4681 -0.8805 -0.6845 -0.0562 -1.6278 -0.0974 0.2007
1.3042 -1.0712 -1.2011 -2.6798 -0.2872 1.0941 1.0373 -1.1771 0.0284 1.6045 -0.3987 1.8827 0.0140 1.8233 -1.0107 0.7628 -1.6592 -1.1305 -0.3115 -0.2972 -0.3512 0.0934 -2.8126 -0.1302 1.3078 0.5463 -0.1689 -0.1862 -0.3140 -0.0201 0.8164 2.3159 0.6977 0.4037 0.3753 -0.4977 -0.4443 1.9088 -0.4969 1.1734 -3.0186 0.3245 0.2732 -0.3457 0.4382 0.7461
0.9059 -0.7127 -0.6051 0.7883 0.0662 -0.4424 0.7122 -1.5607 -0.6849 0.8830 0.9966 -0.0873 -0.2682 -0.5778 -1.4501 -0.6448 -1.1614 0.9656 -0.4545 -1.3286 -1.9380 1.1708 -1.2063 -0.9740 -0.0031 0.2453 0.4595 -0.0286 0.3156 -0.4951 1.5488 -0.7308 -0.1029 0.4432 0.4076 -1.7222 -2.8049 -1.3429 -0.6555 -0.5515 0.9951 0.0321 0.4041 1.9486 1.2511 0.9259
0.5562 1.4193 -0.2614 -0.0111 0.3742 -0.0436 0.0305 0.4262 0.2664 0.2551 0.6257 -0.8761 1.8539 1.6824 -0.4282 -1.2732 1.1790 1.2347 0.5928 0.6893 0.3564 -0.1191 -0.5147 -1.6632 -0.0939 -0.7331 -1.5852 0.5983 -0.5978 0.4010 0.3968 1.0149 -2.0251 0.3916 -1.2898 -1.4882 0.2166 1.1512 1.9823 -0.0390 0.3211 -0.1308 -2.8244 0.1538 1.1784 1.4350
-0.6119 -0.9219 -0.9816 -0.1990 1.8418 -1.9549 0.4878 -0.6821 0.1553 -0.2662 2.4791 0.4380 1.3815 0.1946 -0.2411 -0.4330 -1.7853 0.5894 -0.5341 0.3048 -0.2491 -0.3932 -1.0547 0.4092 -2.1939 -0.6011 0.4370 -0.6340 0.7659 -1.6649 0.7826 1.6074 0.3203 -0.7176 0.3499 0.1478 0.4937 -0.9767 -1.3606 -1.1420 -0.5441 -0.6964 0.1640 0.3215 0.5430 0.7138
0.6948 0.1930 -0.8837 -0.5511 -0.1459 -0.4836 1.4104 -0.5755 -0.5543 0.7154 0.4775 0.8130 0.2876 0.9739 0.4443 0.8544 -0.5829 -1.7540 -0.1700 0.2405 0.2403 -0.0272 0.9349 -0.6696 0.9550 3.1213 1.4213 0.4043 0.1382 -0.5256 -0.5451 -0.8985 -0.0273 0.2630 0.6534 0.8514 -1.8300 0.5868 0.9840 -0.5711 0.5446 -2.1271 -0.0368 -0.2162 -0.0466 0.1064
0.3726 0.5329 -1.3013 0.4747 -0.0919 -0.3949 1.0930 0.2695 0.1539 0.3331 -0.7987 0.1577 -0.0178 -0.7063 1.4600 -0.8634 0.5226 -0.7361 -1.4561 -0.9103 -0.1658 0.9082 0.4776 -1.4335 1.5033 -0.0247 0.0628 -0.8984 -0.9773 0.2434 -0.2376 -0.9891 0.2581 0.3087 -0.9304 0.7018 0.1305 2.0465 0.2467 -0.3084 -0.4272 0.5572 -0.8889 1.2152 1.3205 -0.2002
-2.0054 -0.2420 0.2988 0.1913 -0.2767 0.3076 1.0888 -1.7802 -0.1298 1.4197 -0.9053 0.4600 0.3103 1.0024 0.3909 -0.0860 1.1330 0.1895 -1.7491 1.0659 0.3162 0.2852 0.1918 -1.0282 -1.6913 0.6995 -0.1311 1.1821 -1.3797 1.9000 -0.1151 0.4709 -0.8612 0.3619 -0.7363 -0.3326 0.0916 1.6908 -0.9121 -3.5165 -1.4768 -0.2102 -0.1841 0.1474 -1.2427 0.7922
-0.4028 0.0940 0.9203 -0.7629 -2.0422 0.9096 0.9999 -1.0315 0.5842 -0.6245 -0.0872 0.3564 -0.5825 2.0379 0.1822 -0.4473 0.4363 0.5261 -0.2785 -0.2489 -0.0131 -0.0073 -0.3568 0.1047 -0.2237 -0.8007 -0.7445 0.5771 0.9127 0.5426 -0.9802 -1.1165 0.6153 1.0812 2.1167 0.2956 -0.2337 0.5962 -2.0072 0.9914 2.0315 -0.3856 0.3734 0.7168 1.0396 1.0028
-1.8932 1.7831 0.8311 -0.8955 1.1767 -0.5283 -0.6470 -0.1400 0.4798 -0.1604 -0.4823 -0.3638 1.9556 1.4266 0.2883 -0.2817 -1.8401 0.0336 -0.0528 -0.3042 0.1910 0.0000 0.5693 0.0882 2.4345 0.7839 -1.0840 1.6546 -1.3925 2.0955 -0.3290 -1.9326 -0.3326 0.4562 -0.9976 0.8232 0.4061 0.4029 0.8306 0.5790 0.1076 0.4973 -1.5337 0.7077 1.7460 -0.1115
