88
-0.4062 -1.3140 -1.8421 0.5987 -1.1315 0.1871 -0.3042 -0.1805 -0.2493 0.1890 -1.8223 -0.4624 0.1700 -1.3354 0.6083 0.6030 -1.2103 1.3701 -0.2077 -0.6120 -0.4894 0.1001 0.0670 -1.0670 1.0388 0.0284 -0.2729 -0.8301 -1.3369 -0.8914 0.1923 -1.5009 0.2208 -1.0687 -0.1244 -0.0312 0.1445 0.7742 0.9421 0.0959 0.0137 0.1743 0.6695 0.3515 0.4713 -0.6184 -0.3779 -2.0472 1.2621 0.4352 -0.2714 -0.5030 1.1442 0.5591 0.4052 2.2117 0.7721 0.4392 -0.8038 -0.1625 0.1051 0.1292 -1.1154 0.1063 0.3341 -2.2131 -0.3886 -2.2546 1.5463 0.0739 0.2987 0.5039 1.8999 0.1079 -1.3744 -0.8337 0.9603 -1.9858 -0.8453 0.5013 0.8150 -0.5708 -0.9214 0.9689 2.1774 2.3414 -2.0022 0.0495
-0.5467 -0.6138 2.1476 0.4057 0.1013 1.4976 0.3509 -1.0810 0.1832 -0.0027 0.7726 -0.6381 0.1186 -0.0705 -0.0613 -0.0504 -0.2419 -1.3203 -0.1245 0.3002 0.4866 0.3740 0.8691 -0.3638 0.7073 -1.8821 -0.5628 -1.1427 -0.6427 0.5957 -0.8327 0.9308 -0.8713 -0.4896 -1.3823 1.2615 1.3569 -1.1658 0.3869 -0.2764 -0.9387 0.9966 0.8328 0.7554 0.5342 1.2683 0.2955 -0.7037 0.4890 0.0738 -1.2960 0.1848 1.0191 0.1696 0.0102 0.2480 0.4349 -0.4380 -0.1008 -0.3206 -0.6424 0.1079 0.6339 0.2689 -1.7396 1.6107 -0.8610 1.1226 -0.2218 1.0314 0.2609 -0.0757 -0.3445 -0.8607 -1.0324 -0.8418 0.2842 -1.1025 -1.3012 0.6883 1.4109 0.5580 1.0363 1.4927 1.2072 1.8857 -1.5437 1.5212
1.5357 0.3577 -0.7417 1.7072 -1.6439 -0.7324 -1.1829 0.7199 0.0237 -1.8782 -1.4281 1.1411 1.2955 0.0091 0.0434 -0.6969 -0.0734 1.2640 -0.3992 -1.9197 0.2227 1.9021 0.5255 0.9717 -0.1543 -0.2363 0.7642 -2.5359 1.9559 -0.6662 2.5823 0.2899 0.0676 -0.9796 0.6354 0.6645 -1.2313 -0.1275 1.5196 -0.0352 -1.9110 -0.4307 -0.0307 0.0187 2.1419 1.2617 -1.0482 1.6462 -1.0542 -1.1241 -0.0555 -0.0820 -0.2760 -3.2228 -0.8229 0.9475 1.6590 0.6462 2.2930 -0.2445 -0.1553 -2.0684 -0.6200 1.1381 0.4303 0.4219 -0.0110 -0.7196 0.0219 -2.3169 -0.3532 -0.2592 0.5003 -1.3895 -1.0916 -1.1160 -0.1946 -1.3366 0.8003 -0.2826 -0.1717 0.5914 -0.3735 0.3815 -0.4123 -0.0018 1.1814 0.3022
0.1697 0.6142 -0.2576 0.2685 -0.0509 -0.4294 -1.4049 1.0191 -1.0608 -0.1036 -1.0694 -0.8765 -2.1186 0.0494 -1.1193 -0.1048 0.3377 -1.5937 -1.1707 -0.5169 -0.0407 -1.2419 0.5235 0.1829 -0.0895 1.9779 0.4199 1.6516 -0.6075 0.1500 -0.1435 0.0247 0.9381 0.4359 0.8098 -0.1295 1.7986 0.9020 1.1131 0.2799 -0.9439 -2.8095 -0.6343 -1.2037 -0.7032 1.6797 -0.1527 -1.4947 0.4973 0.1599 -1.9648 -0.6094 0.8751 -0.6270 1.6681 2.0406 -0.0414 0.0881 0.1985 -1.4856 -0.2748 -1.1665 -1.6201 -0.1274 1.4680 1.5478 -2.4721 0.5124 -1.0644 0.8480 0.6904 0.6416 -0.9851 -1.3597 1.6400 -1.3951 1.3177 -0.1214 -0.2650 -0.6706 0.3031 -2.8360 -0.7218 -0.3321 -0.8018 0.2396 -0.1068 -1.0205
0.7839 -1.3410 0.7189 1.7073 -1.9528 1.6841 -0.1541 -0.6429 -1.3825 0.4699 -0.3449 0.0762 0.0024 1.0953 0.5946 -0.3470 1.4778 -1.1196 -0.1817 0.0952 -0.0143 0.9320 -0.0238 0.8691 0.1466 -1.0383 1.1208 1.3708 1.1364 -0.9765 -0.7160 0.1869 -0.7151 1.1447 1.0279 0.2394 1.4008 0.0013 0.2545 0.5138 -0.8869 -1.0853 -1.6564 0.6943 0.3293 -1.2020 0.9876 -0.1436 -0.0127 -0.0728 -0.7645 -0.9051 -0.8931 0.9058 0.4039 -0.0060 -0.8071 -1.1677 -0.3612 0.4336 -0.5447 0.3334 -1.1385 2.2788 0.2496 0.1302 -1.8851 -1.5948 -0.3163 -0.3843 -1.1533 -0.5324 -0.6068 -0.6484 -0.1163 1.1921 -0.0804 1.1607 -2.1857 1.3690 1.3644 -0.6574 -0.6801 -0.8311 0.9304 0.3757 -1.0603 2.5219
-0.3382 1.4076 -0.2553 0.9134 1.3914 1.4375 1.2271 -1.0155 1.7156 0.5919 0.1930 -0.5000 -2.2172 -1.3202 0.3373 -0.7247 1.3012 0.6009 1.1851 0.3185 0.8730 -1.7429 1.9912 0.9343 0.9921 -1.4435 1.3805 -1.5825 2.0118 1.2478 -0.1683 1.7410 1.4633 0.2531 -1.0176 0.2637 0.1861 1.0572 0.5126 -0.5813 -1.3927 -1.7625 -1.7584 0.9346 -0.3411 -0.4048 -1.1453 0.3224 1.1391 1.2762 -0.0491 -1.1904 2.0064 -1.1463 -0.3660 0.4009 -0.0981 -1.0482 1.3691 0.1768 1.4649 0.5829 1.4689 0.4844 0.5676 -2.0644 0.3580 0.0622 0.8582 0.3963 0.0354 -0.0348 -2.2894 0.0835 -0.5638 -1.2095 0.4615 -0.1591 -0.4212 -0.7686 -1.0722 -0.2292 -0.2972 1.2008 0.7564 0.0469 0.0299 1.3389
0.0417 -0.1342 -1.7001 -0.1535 0.8031 0.0958 -0.1138 0.8963 1.4171 0.5571 0.0867 -0.2027 0.8587 -1.3712 2.2059 -0.3306 -0.0690 0.2176 -1.6164 0.4777 -0.8683 -0.8449 -0.7278 -1.5104 -1.3879 0.9152 -0.0652 0.1886 1.0983 0.4598 1.7632 -2.2710 0.7304 0.1871 -1.3918 0.6819 -0.9953 -0.4356 -0.6302 -0.8704 0.1496 -0.6689 0.3805 0.2351 -0.1340 0.1735 -1.1658 1.0752 0.8179 -0.5080 2.3498 -1.3541 1.2451 0.9091 -1.1026 0.9964 1.0649 1.3454 -0.0923 -1.4063 -1.7759 0.8011 -0.8688 0.3998 -1.5579 -2.3971 -1.0480 0.7476 0.0120 2.8483 1.3323 -0.2326 0.0071 0.6766 0.3175 2.7281 1.1197 -0.6803 -0.2355 0.5774 -0.9241 0.6417 0.0836 -0.5977 0.9538 -0.5456 0.2827 2.6662
0.8455 -2.2975 -0.2118 -1.7968 0.0927 1.2468 0.0529 1.0584 0.2548 -0.8532 0.5391 0.9710 0.5201 -0.4335 0.0282 -0.9845 0.2647 1.3376 -1.0073 0.4886 -0.4162 -0.2542 1.9214 -0.1857 -0.9536 -1.4121 -0.3600 0.0721 -0.1228 2.0830 0.2656 1.1402 1.7521 1.8578 -0.3040 0.0981 -0.4673 1.0332 0.5184 1.0696 -1.0768 -1.1826 1.1638 1.1339 0.2435 0.3624 1.4513 -0.2416 -0.1296 2.1409 0.7965 0.4034 -0.4440 1.0271 -0.7392 0.2431 -0.4570 -0.3465 0.8476 0.9116 1.0225 -0.2305 0.0246 1.6324 -0.8411 0.3356 -0.7672 1.8168 0.1572 -0.2515 -2.1976 -0.4672 -0.3131 -1.0333 -0.0731 0.6666 0.0404 -0.7078 -0.2955 -0.0125 1.1840 0.2086 -0.7777 -0.4252 -0.6946 0.5664 0.0188 -0.2480
-0.2013 -0.2389 1.2373 -1.7532 0.3476 -2.0211 0.2585 0.6264 -0.3401 2.0068 -0.1390 0.2825 0.3894 0.2358 0.4899 0.5204 -0.0866 0.1864 -2.5890 0.4317 1.4437 1.4921 0.6524 1.1325 1.5700 0.6271 -1.6254 -0.3480 0.2960 1.1890 0.4305 -0.8535 0.8759 0.2591 -0.5934 0.1290 1.1856 1.1572 -0.1650 0.8654 -0.8253 -0.1995 -1.0324 -0.2579 0.4659 -1.1955 -0.8437 0.5631 1.5715 -0.7901 -0.7574 1.0986 0.1098 -0.4178 0.4880 -2.2805 0.2446 0.7003 0.6397 0.0313 -1.1782 -2.7236 0.3049 -0.2333 -0.1197 -0.1507 -0.8463 -0.8838 -2.7684 0.2001 0.7232 -1.0718 1.4006 0.6519 -0.7782 -0.5904 0.0828 -0.7654 1.0942 1.2053 -0.3474 -0.7916 0.6130 -0.8181 0.7927 -0.8784 -0.6036 0.3148
-1.0428 0.9469 -0.5061 1.0959 -1.1998 -0.6213 -0.6790 -0.2200 0.3475 -0.8388 1.0711 -0.3988 -0.3073 -0.0189 2.1980 -1.0740 -0.9286 -0.1300 -0.5966 -0.3040 -0.4052 1.2849 0.2610 -1.0390 -0.0523 1.3530 1.6337 -0.7488 -0.8130 0.6507 -1.9958 0.7733 0.1710 0.1850 -0.2846 -0.9511 -0.5378 0.5818 0.7639 -0.5322 0.4362 0.8997 0.0468 0.4328 0.0695 1.9179 -0.5192 0.9643 0.4080 0.9030 0.4709 1.4026 0.4625 0.2578 -0.0544 -0.7819 1.5865 0.8122 0.7113 -1.1286 1.1658 1.3104 1.9573 -0.3004 0.9217 -0.9173 1.0904 -1.0301 1.3497 -1.3377 0.8778 -2.4369 0.0718 -0.1902 0.6645 0.0245 0.1268 1.2658 0.6093 -1.1056 0.1611 0.6534 -0.2695 -0.6425 0.5139 0.7356 0.1466 -1.2501
-0.4418 -0.4928 -0.5810 -0.9111 2.2828 -0.9637 -1.4198 0.4691 -1.2124 -0.6924 0.8876 1.1266 1.4004 0.6639 -0.8369 0.9378 0.4549 -0.1752 0.2211 -0.8918 -0.6104 1.5465 -1.3351 -0.6426 0.2049 -0.4603 0.0635 0.6773 0.0289 -0.7832 0.1893 0.9549 -1.7913 1.4536 -1.3071 -1.8747 1.3161 1.4982 -0.3154 1.9608 0.8304 2.7498 1.6474 -0.0299 1.2520 -0.4151 -0.9738 -0.3302 -0.9523 -0.2145 -1.3323 -0.7273 -1.4704 0.2583 -0.3768 0.1421 -1.2457 0.2443 0.3985 -0.7432 0.8981 0.1817 0.5187 -1.8677 -1.3213 0.8517 -1.3224 0.1438 0.4322 1.1479 -0.1595 0.2067 0.9849 1.2772 -0.2078 -1.2325 0.5697 0.6088 -0.0347 -1.1435 -1.0096 -0.8903 -0.0185 0.2644 -0.3196 1.4449 2.2483 -0.1714
0.0952 -1.4326 -0.4325 -1.7999 0.8586 1.4336 0.2358 -0.7297 0.0358 0.4546 0.0721 1.9547 -1.0076 -0.2741 1.0724 -0.5038 -1.3551 0.8171 -2.3178 0.2527 -0.0233 -0.7035 0.6972 2.8490 1.2181 1.1146 1.8973 -0.5289 0.2475 -0.4623 0.3638 -0.7053 -1.1613 -0.6601 1.1584 -0.3663 -0.0211 -0.3594 1.2544 2.7543 0.4465 0.2471 -0.1144 -2.2071 -0.6070 -0.7316 -1.7751 -0.4110 1.6881 -1.1877 1.4819 -0.5606 -2.2335 0.9563 -0.2088 0.6948 -1.6500 1.6780 -0.1548 1.0449 0.5634 -0.6134 0.2181 -1.8442 0.9851 -1.1134 -1.2249 0.5559 0.7282 0.7500 0.4830 -0.5911 -0.4439 0.6171 1.2602 1.3023 0.9901 -0.3871 0.8133 -1.4303 0.8993 -1.6330 0.7467 -0.1464 1.8350 0.0659 -1.5497 -0.2151
0.0181 -1.0873 0.1495 0.4811 0.3104 -0.9687 0.8748 -1.4569 0.3180 1.1010 0.7822 0.4410 0.5184 1.3254 0.1867 -1.0730 1.6760 0.7316 -0.2129 0.3757 0.1601 -0.8741 0.3324 0.5459 -0.6322 0.4066 -1.1005 -1.0502 -1.1607 0.6169 -0.6620 -0.4303 0.1360 -0.6995 0.4994 -0.5674 -0.3553 -0.0650 -0.4373 1.5904 -1.0093 0.1613 -0.7160 -0.0062 0.8696 0.1109 0.1942 -0.9621 0.7209 -1.4153 0.7959 1.5044 -1.6513 -0.9059 -0.5560 0.1792 1.0289 -1.4146 -1.8783 -0.0488 0.1527 0.3542 0.1991 -0.6389 1.4868 -0.2173 1.1000 -0.6231 1.3716 -0.6373 -0.2459 -0.5889 -0.2875 -0.9020 -0.6254 1.4050 -0.2282 1.2175 -0.4454 -2.5043 0.0850 0.7754 -0.1350 0.1482 0.7149 0.7751 -0.9081 0.6966
0.5647 -1.2928 1.0496 0.7568 -1.7105 -2.2030 -1.0482 1.1360 0.0301 -0.9088 -0.1281 -0.4281 -0.4269 -0.9361 -0.1714 -0.3208 -0.8905 0.8511 -1.0910 1.2730 0.1205 -1.8385 -0.0304 1.0115 0.7496 1.7878 -1.3288 0.5957 2.6661 -1.1961 0.8675 0.6219 1.0826 -1.6244 -0.4746 -1.2279 -1.4150 0.8586 0.9064 -0.2181 0.8105 -0.2893 0.7922 -0.2956 -0.0529 0.4552 0.9986 0.0212 -1.9222 -2.2554 1.1818 -1.7533 0.9378 -1.1676 -1.7519 0.5418 -0.5014 -0.4843 0.1506 -0.9162 0.1375 0.0741 -2.6081 0.6228 -0.0453 -0.2086 0.5368 -0.1828 0.8778 -0.4414 -0.4080 1.6067 -0.5865 -0.9550 -0.1570 -0.9367 -0.5011 -0.6815 0.7389 -0.7935 -0.1982 -0.2146 0.4596 0.2705 0.7668 1.7302 1.1840 2.2527
-1.5751 0.8652 0.0611 -0.0348 -0.3681 0.0385 1.9302 -0.1251 -0.6366 -0.6448 -1.6001 -0.4508 -0.2530 0.4404 -2.1049 -0.8264 -0.2931 1.0212 -0.6427 1.8952 -0.1720 0.5686 -0.1890 0.2101 0.5601 -0.1472 -0.5727 1.0375 0.4248 0.4645 0.0146 -0.4992 0.2944 -1.2313 1.1771 0.1465 2.7857 2.1420 -1.0479 1.2368 -1.3845 1.0263 -0.2545 1.4784 -0.7481 0.4140 0.7281 -1.6348 0.9573 0.4760 0.6043 0.2627 -0.6530 -1.1382 0.1861 -1.2668 0.9827 0.7561 -1.5273 -0.8030 1.9821 -0.4781 0.0797 0.3718 0.4055 -0.7640 -0.2970 0.5068 -1.7647 -1.2763 -0.1584 0.3534 -0.6015 -0.0709 -0.2131 0.1775 0.0868 1.2297 0.3380 -1.9697 -1.5524 0.0894 -0.9332 0.6162 0.8207 -0.4206 1.6112 -0.0320
-0.2499 0.6338 -0.4388 0.3715 -1.0602 -0.4397 -0.9502 0.4895 0.5435 -0.0137 2.3770 -1.5998 -0.3600 0.7112 0.5566 1.3697 -0.6081 -0.7143 1.7622 -1.6074 0.7240 0.4034 0.5140 -0.6079 1.8695 1.9437 0.8182 0.2969 -0.8973 0.7860 -0.4937 -1.0205 -1.0495 -0.7724 -0.5199 -1.3377 -1.6784 1.5335 0.5618 -0.7163 0.7162 0.5452 -1.7726 1.1564 0.8246 -0.0164 -0.6051 -0.4362 -1.0994 -0.4841 0.2487 -0.4543 1.6840 0.2435 2.5009 0.0329 0.6689 -1.1138 0.3312 -2.6899 0.0333 1.1753 -0.6498 0.6730 1.7175 0.9118 0.8028 -0.9836 1.4859 -0.8858 1.6097 -0.3247 -0.4811 0.3945 -0.9537 -1.2848 0.6275 0.5609 1.2193 -0.3514 -1.3446 -2.1732 1.3046 -0.0995 1.1341 -1.6818 -0.1967 0.5275
1.5915 -0.7874 1.7028 -0.1763 0.4516 0.1297 -0.2467 1.0117 0.9359 0.5649 -1.4249 -0.0534 -1.5953 -0.0079 -0.2247 0.7810 -0.2056 0.1077 -0.2778 -0.8017 0.7409 0.3953 1.1350 0.2918 0.2130 -0.1867 2.1005 0.5439 -0.3907 0.0386 -1.1054 -0.5570 0.9680 0.6355 -0.0862 -0.5039 -0.9137 -0.0570 -0.7983 -2.2787 0.5492 -0.7646 1.3716 0.1341 -0.8568 0.8753 1.0523 0.0621 -0.2121 0.6803 -0.0185 0.0488 2.1059 -0.7711 -0.4536 0.3125 -0.7741 0.1037 -1.7743 0.9850 -1.2412 0.6865 0.0244 0.0541 -0.2702 -0.2058 1.0094 1.2757 -0.6002 0.4261 -1.3014 -0.7778 0.7043 -0.2173 0.0450 -0.4754 0.6165 2.1751 -0.3151 1.1661 1.0150 -0.1915 -0.8370 -0.1312 -0.9742 -0.0252 0.6818 -1.6645
-0.8568 0.2934 -1.0304 0.7611 -0.6087 0.7833 -0.6722 0.6788 0.2086 0.2015 -0.8052 0.3003 0.7529 0.5339 0.2207 -0.0190 0.0593 0.1884 -0.7474 0.0150 -2.5446 -1.4606 -0.5325 -0.2659 -1.2034 0.5989 0.1367 -1.3402 0.8265 1.3834 -1.1402 -0.6637 -0.1289 0.3197 -0.3516 -0.3206 0.5805 0.9877 -0.6485 0.6140 1.1059 -0.7788 0.4906 -0.4774 0.3538 0.0761 1.3286 -0.3812 0.4705 0.4602 0.5693 0.4892 0.5276 1.2951 0.3630 1.3280 -0.4606 2.9510 0.7058 0.7944 0.1244 -1.7574 -0.0639 -0.8179 -0.9163 -1.7177 1.8624 -0.0218 -0.0941 0.6103 1.1660 -1.0154 -0.7776 -1.2014 -0.9634 2.9067 0.9996 0.0213 -0.2936 -0.3715 0.0074 -0.4952 0.0858 -0.3713 1.1513 -0.4519 -0.6526 -0.3044
0.3007 1.6956 1.4358 -1.0688 -0.2128 -2.0136 2.2752 0.9863 -0.9309 -1.8876 0.1556 0.2681 -1.7526 0.4405 1.2057 1.0319 0.5188 0.5904 0.9252 -0.6527 -0.2636 -1.2194 -0.2932 -0.2455 0.1401 1.3809 -0.0480 -0.7104 0.1606 -0.0846 -0.3385 0.4332 -1.4580 -1.1641 0.3948 -1.6505 -1.2588 0.3486 -0.1707 2.4908 0.1780 0.6311 -0.1206 1.6424 0.3418 0.1556 0.1155 0.1329 0.3355 -2.2859 -0.2895 0.3888 -0.3293 -0.0813 0.2846 0.1487 -0.5394 -0.4619 1.1291 0.1809 -1.5601 0.8790 0.7681 -2.3082 0.2303 -0.8537 1.2917 0.8275 -1.7353 -0.1922 1.4679 -0.8766 -0.2160 0.7191 0.0886 -0.9661 -1.2431 -1.8893 -0.5897 2.8104 0.5913 -0.3531 1.8860 0.8387 -0.8535 1.3773 0.7249 -0.9906
1.7970 0.3155 -1.3405 -1.5041 -0.0291 0.2383 -0.3686 -0.3639 1.1646 1.8808 0.7142 0.3705 -0.1474 0.0271 0.3439 0.4294 1.2555 0.4087 -1.4364 -0.6906 -0.1989 -1.5335 0.0272 -1.2747 0.2861 -1.0667 0.7412 0.7626 0.3525 -0.6428 -1.0096 2.0540 -0.7221 1.4311 0.6039 0.3253 0.0440 -0.1933 0.7276 0.4059 -1.1666 -1.3118 1.2155 -0.9285 -1.5029 -0.2451 -0.4860 0.6818 0.2043 0.5379 -0.0617 -0.0726 -1.2655 -0.3471 -1.4824 -1.6775 -1.4316 -0.3105 1.6470 -1.3002 1.2586 2.2937 -1.5718 -0.5701 -0.2943 1.4588 0.0897 1.3318 0.2648 2.3535 -0.5369 0.1383 0.9622 0.2407 0.8219 1.5333 0.1191 -1.5329 -0.3533 -1.2971 0.0310 0.9127 -0.9346 -0.0219 0.0128 0.0427 0.4825 -0.5581
-0.8630 -0.1887 -1.4010 0.5436 -0.2804 0.5991 -0.9585 0.2342 -1.9358 -0.2854 -0.3698 -0.6683 1.1289 -0.0191 1.8103 0.6181 1.1425 0.3253 -0.7714 0.7089 -0.6014 -0.6719 -0.3179 0.5775 -0.2292 -0.0253 -1.0532 -0.7726 0.1156 1.5121 0.5018 1.0520 0.3485 0.1712 -0.2745 0.2168 -0.7589 0.8018 -1.4954 -0.1606 -1.3297 -1.4766 -1.8263 0.9642 0.3553 -1.9936 0.4585 0.2935 -1.1127 0.3136 0.3287 0.8121 0.2564 -0.8208 -0.8475 0.4978 -1.1105 -0.7225 0.9171 0.7191 -1.7622 -0.1089 -1.5365 -0.5253 0.5902 1.0844 -0.1123 0.4286 1.5656 -0.1043 1.0395 0.1946 -0.8300 0.7440 0.0772 -0.2421 2.4980 0.5140 1.0206 0.6924 1.4657 0.8496 0.4282 0.5880 0.3755 0.2308 0.6472 -0.4778
0.9059 1.6429 -0.4850 1.1980 -0.0860 -1.9185 -0.3223 0.9171 -0.1692 -0.5649 2.0497 -1.1933 1.0230 -0.8782 -1.5948 0.3281 0.6036 0.4028 -0.1131 2.4105 1.1780 -0.2210 2.4265 0.9372 -1.3376 1.2055 -0.9483 0.0572 -0.0711 2.6094 -1.5137 1.4493 0.5272 -0.5642 0.8791 0.2154 -0.8802 1.1690 -0.6998 -0.5661 -0.7598 -0.4669 0.6376 -0.9577 1.3211 1.1284 -2.4424 0.7458 -0.7149 2.5655 0.3437 1.6549 0.7186 0.8065 -0.5084 -0.6774 0.6626 -0.8498 -0.1965 -0.2634 -0.1071 0.8164 -0.4009 1.8103 -0.8710 -0.8229 -0.3553 -0.0805 -2.3353 1.3273 0.5149 -0.1324 -1.3953 0.0105 -0.6638 1.0418 -1.0329 0.2162 -1.4040 -1.2173 0.0925 -1.0230 -0.2003 1.1082 -1.9498 1.5123 -1.2479 -0.9363
-0.7776 -0.8660 -2.2719 1.2406 -0.0886 -1.7677 1.7393 0.4351 -0.9479 0.0938 1.1861 -0.5309 -0.8509 1.4271 0.4227 -0.0585 -0.4596 -0.9169 -0.6508 0.4000 0.2169 0.2815 -1.9222 -0.9837 -1.3371 0.8588 -2.3422 1.1631 0.3630 0.2621 0.0857 0.4612 -0.2621 -0.3891 2.3022 1.0341 0.4299 1.8271 -0.1759 0.3308 0.4070 0.1124 -1.9527 2.4687 -1.2391 -0.4899 0.5972 0.8012 0.4267 0.9172 0.0366 -0.6022 -1.1533 0.2489 0.0238 -1.3994 0.0057 1.0233 -0.2646 0.3377 -0.6336 -1.9588 0.7575 0.0675 1.4206 -0.2430 -0.7843 0.1860 -0.6834 -0.0075 -0.5113 0.6576 -1.1378 1.3540 -0.9718 1.8702 1.1960 0.2339 -0.2609 0.0989 0.4634 -0.5824 1.5884 -0.1874 -2.2081 -1.3388 -0.0422 0.2280
0.7204 -1.7097 -0.7291 -0.7423 1.0742 -0.9699 -0.4033 -0.0266 0.4453 -0.5078 -2.0000 1.3022 -0.6785 0.8808 -1.0029 -0.5141 0.4093 -1.3791 1.1508 0.8728 -0.9667 -1.7060 0.7609 0.6489 -0.0066 0.9094 0.3833 -0.6186 1.3831 -1.5291 -0.4612 -1.4498 0.0980 -1.1029 -0.3142 1.0543 -1.9852 0.2403 0.7850 -1.1545 -0.4795 -0.7025 -0.3897 0.0234 -0.5212 -1.6080 1.2276 0.4121 0.0585 -1.5855 -1.2522 -1.2903 0.4310 0.8784 1.4357 0.1126 -1.0744 -0.9715 -0.6183 0.3140 -0.1262 1.5178 -2.2265 -1.4432 0.0801 -0.6114 1.4648 0.5487 0.4483 1.0897 -0.6362 1.1168 0.7028 -0.6169 -0.6809 0.8789 0.3764 0.5714 0.4184 -1.1942 0.0249 -1.5499 -0.6288 0.7202 -0.0910 0.3410 1.1602 -0.4031
-1.9720 -0.7062 0.2753 -0.3461 1.2155 -0.3757 -1.3131 1.3063 0.2473 0.1868 -1.2154 -0.1966 -0.6538 -0.0300 -2.0917 0.4677 -1.0347 -1.9282 0.7830 0.0770 -0.1410 1.2967 -0.1221 1.1546 -0.6155 -1.0325 0.8780 0.7716 -1.1275 -1.3472 0.8633 -0.2076 -0.2238 0.4064 -0.1810 -1.9869 -0.4309 -0.3245 0.6509 -1.2172 1.6465 1.0496 -0.2331 0.3092 0.6182 -1.2528 -0.5125 -0.1757 0.9180 -1.6655 0.3655 0.0298 -0.8910 0.3084 -0.6761 -0.6519 -0.0943 -2.6125 -0.5868 -0.0951 0.1494 -0.8588 0.2689 0.0222 0.3721 0.4467 0.8659 0.7279 1.1033 -0.6892 1.0655 2.5279 -2.1945 0.8654 -1.1556 -0.4434 -1.0530 1.4869 1.0319 -0.5185 -0.4766 -1.1553 -0.8813 0.5820 1.6256 -0.7937 0.7265 -0.7523
0.8523 -1.4288 0.0514 -0.3120 -0.7938 0.1426 1.6339 0.6909 0.4695 1.1989 0.4770 0.1391 -0.7990 -0.6185 1.2935 0.8511 0.6251 0.6953 0.7522 0.4197 -0.2650 1.1134 -0.1921 1.0035 0.4493 3.0926 0.0987 0.8413 -0.0657 0.2581 1.5449 1.4631 -0.5150 -1.1337 -0.9647 0.0270 -0.0117 0.2326 -1.1318 -2.4392 -0.1646 -1.3212 -0.8792 -0.3002 -1.3815 0.7195 -0.7099 0.2207 0.6271 1.0256 0.2255 -0.6154 -0.3756 1.7905 -1.3811 -0.3070 -0.2688 -1.5980 1.3680 1.7560 -0.2908 0.9699 -0.1932 -0.5041 0.9135 -1.7296 -0.4364 1.1499 0.5250 -0.3402 -1.1145 -0.7191 2.2464 1.3991 -0.8477 -0.0186 -0.5272 -0.2878 -1.2886 0.0335 1.6212 1.1580 -0.2223 0.2403 0.6227 0.2397 0.6174 -0.4783
0.8494 0.4659 -0.8547 0.5351 0.6561 0.0612 0.3900 1.1435 0.7406 1.4766 1.0167 -0.4187 -0.9107 -1.4395 0.2217 0.1240 -0.6210 -0.2594 -1.1692 1.5918 -1.1739 1.6324 0.6737 -1.8533 -0.5367 0.8826 -0.3277 -1.0681 -0.1874 -0.2015 -1.3142 0.5860 0.5282 -1.0934 2.6710 -0.0504 0.2039 -0.8470 -0.6217 0.5171 2.5851 0.7326 0.8940 -1.0947 0.0836 0.2136 -1.0479 0.7418 0.8206 0.1975 -2.3239 -1.3115 -0.5486 -0.3476 -1.4159 0.0109 0.2918 0.0141 -0.3874 -0.0771 -0.0878 -0.0751 0.8504 -0.1441 -0.8233 1.9717 -0.1834 1.4146 0.4454 1.2353 1.2838 2.3584 -0.4882 -0.3858 0.9638 -0.1173 -0.7383 -0.2465 -1.5988 -0.2360 -0.3505 -0.0285 0.3402 -0.0906 -1.0324 0.2406 -1.4529 1.3844
-2.5762 0.1489 -1.6653 0.2517 0.8320 0.6902 -0.0621 -0.3430 0.0275 1.9816 -0.7701 -1.8769 -0.5114 1.3903 -0.7289 0.6444 -0.5052 -0.3962 -0.8825 1.2229 -0.2379 -0.2712 -1.4113 1.9202 1.0807 0.6361 -0.8816 -0.5011 -0.5897 0.2697 0.5058 1.2863 0.7968 -0.8863 0.8541 0.3193 -0.8248 1.8088 0.0976 0.9989 -0.6560 0.1111 -1.1158 1.7446 0.1930 -0.5974 1.4759 1.4076 0.3972 -0.6643 -1.2019 -0.1761 -1.3233 1.3286 -0.0072 0.7240 1.6611 -0.1184 0.1372 2.6331 -1.9122 -0.9201 0.4215 -1.4565 -0.4007 -0.8691 2.0920 -0.9781 -0.4664 0.3990 -0.8340 0.3553 -0.6686 -0.6784 -0.3505 -0.5505 0.0991 0.1307 -1.6653 1.0874 -1.5996 1.4366 -0.7543 -1.6358 0.0179 0.8265 0.3220 -0.0363
0.2092 -0.2838 -3.0070 0.9315 -0.3170 -1.2459 0.8060 0.9033 -0.7619 0.1431 -1.1113 -0.3424 -0.2818 -1.1681 0.6009 -0.5859 -1.0474 1.2436 0.7692 0.6981 -1.0305 -0.5137 -0.2621 2.1559 0.7673 0.6065 -1.8143 0.4860 -0.8742 -1.1964 0.6746 0.5131 0.5755 -0.7652 1.2273 0.0869 0.6686 0.1056 0.2822 -0.5443 -1.2501 -2.1104 -0.9701 0.0030 1.3117 -0.0593 2.6403 0.0331 -3.0007 0.0412 0.3491 -2.7513 -0.4634 0.7720 0.8407 -0.3987 3.4029 0.2811 0.1422 -1.3155 -1.0473 2.3773 0.2919 1.6711 0.6801 1.6729 -0.9239 1.4801 -0.4264 0.0544 0.8114 0.6212 -0.1584 0.4235 -0.1235 -0.6673 1.1812 -0.8257 0.4712 0.9784 -0.9484 -0.5749 -0.7559 -0.8132 -2.4488 0.2702 -0.3847 -0.8361
0.4399 -0.0249 0.3825 1.3618 -0.9225 1.2031 0.0917 -0.6561 -1.1393 0.0401 -1.4078 0.2299 -1.5032 -0.4537 0.3219 0.7123 1.3870 1.2745 -0.7469 0.4905 -0.6202 1.4249 0.8880 0.5168 0.2822 -0.8357 0.5575 -0.9360 0.3789 1.6069 -1.1126 1.8883 1.0581 -0.3427 -0.5256 -0.3779 0.6059 -1.4998 0.2760 0.5195 -1.0183 0.0027 0.1646 -0.8665 0.2172 -1.0585 -1.9157 -0.4666 -0.3063 0.3200 -0.8048 0.9131 -0.3425 0.6258 0.6050 0.3241 0.0056 0.0557 -0.1597 0.1687 0.8748 -0.1223 0.5736 -0.3586 2.2357 0.5052 -1.5860 0.3382 0.4409 1.0485 -0.2069 -0.0220 -1.7845 0.8137 -0.1558 0.5646 -0.0357 0.0683 0.0834 0.6970 -1.4053 -0.9173 -0.1998 0.4774 0.3892 -0.1711 0.1290 1.5131
0.7574 0.2631 1.2211 1.2013 0.7119 1.0267 -2.0713 1.3093 1.9446 -1.0852 -1.1168 1.0655 -0.0190 -0.9269 0.4250 0.7560 0.0574 -0.4784 -0.7642 0.1464 1.3132 -0.2670 -1.4009 1.4799 0.0546 0.8451 -0.3188 -0.3437 -0.1863 0.0109 -0.3864 0.3701 -0.3997 0.6762 0.2743 -1.8084 1.2601 -0.3461 1.1266 -0.5767 1.3070 0.7520 0.1677 0.3257 -0.2957 -0.1212 -0.2753 -0.9645 0.0691 1.0611 0.0940 1.4818 0.8694 -1.0049 0.5231 -0.7799 1.0780 0.3057 0.1942 -1.0513 -0.2549 0.7570 -0.5084 -0.3438 0.7595 -0.1628 -0.2390 -0.4081 -1.7908 -1.0375 -0.1223 -1.1426 0.0009 0.0195 1.7521 -0.3279 1.6679 0.0151 0.5731 -1.1655 -1.3988 0.5054 0.6599 -1.1144 -1.1097 2.4981 -0.0248 -0.6260
-1.0775 0.7431 -1.2257 0.5494 -0.2982 0.9688 0.5780 0.7465 1.7828 -0.9024 0.0144 0.2432 0.1321 0.5710 -0.1079 0.7642 0.6509 0.4398 -1.1863 -2.1174 0.2310 0.6224 0.6826 -1.5170 -1.6837 -0.0051 -0.8976 0.2927 -0.1170 -0.1021 -2.1626 0.6570 -1.2974 -0.2668 0.2303 -0.3796 -2.2882 0.2958 -0.4931 0.6482 0.6669 -1.3203 -0.8115 -0.0418 1.3731 0.5792 1.1230 0.9769 -0.0862 1.1049 -0.4842 0.1514 1.0934 -1.7498 -0.1040 0.0208 0.4947 -1.2996 -1.5598 -0.7337 -0.4521 -0.2219 0.2065 1.1715 1.4797 -0.0885 -1.6911 1.2499 -0.0185 2.3839 -0.8456 -0.5424 -1.4303 -1.0778 0.3192 1.6966 0.5752 -1.5301 -0.9627 0.2751 1.0296 0.6470 0.0436 -1.1659 -0.4881 -0.3272 -0.6044 -1.5558
0.1487 0.2695 -0.5188 -0.1112 1.6867 1.5968 -0.5592 0.7833 2.1748 -1.9732 -0.6988 -0.6960 0.0319 -0.3471 -2.3714 -0.6482 0.3795 -1.1856 0.5281 -0.1572 0.6350 -0.5746 2.3066 1.4337 0.6526 0.7541 0.2131 -0.1097 1.7968 -1.5627 -0.2402 -0.0478 -1.9480 0.3218 1.4258 0.2278 0.9326 -1.3491 -0.3440 2.1819 -1.5570 -0.6776 -0.4085 -0.0265 -0.9730 -2.5099 -1.9543 1.0251 -0.9823 0.8620 0.9896 2.0050 1.5263 -1.1426 0.0656 -0.7978 0.7103 -0.8149 0.2219 0.8144 -0.7005 0.3868 -0.1055 -0.9479 -2.0736 1.8858 0.2585 0.0171 -1.0685 1.2352 1.0566 0.9397 0.0339 0.0979 -1.5329 -1.3679 -3.0551 -0.3901 0.7897 1.2348 -1.2294 0.5032 0.3213 1.6337 -0.0219 -0.3269 -0.3307 1.3625
-0.0225 -0.0793 -1.4838 -0.2643 1.1968 0.4106 1.4730 0.2515 1.1018 0.7904 0.1684 1.4452 -1.6244 -1.8706 2.4466 -1.7568 -1.7885 0.8936 -0.6711 -1.7256 -2.0157 -1.2536 0.7930 -1.1543 0.6607 1.7966 -0.4299 2.0695 -0.4129 0.9239 0.0120 -0.2112 -0.1669 -1.9419 -0.1649 1.0203 -0.2928 1.1204 2.4198 0.2732 -2.5595 1.4068 -0.8931 -2.2465 1.3322 -0.1920 1.3211 0.0899 0.8843 0.8935 0.3720 0.3442 2.3091 -1.1403 -0.4386 -0.1331 3.0539 0.4811 -1.4712 -1.1515 0.7147 0.3712 -1.0309 0.6371 0.8744 0.2334 -0.8288 1.1323 0.0246 -0.5104 0.5982 1.2198 1.0896 0.8747 0.7865 0.7368 -0.4078 -0.5480 -0.2823 0.2472 1.1424 -0.6792 -0.3614 0.0101 -0.2470 0.1428 -1.2802 -1.4453
-0.5619 0.0282 -0.6170 0.2007 -0.8676 -0.6976 -1.4806 1.1637 0.8092 0.4092 -0.1299 -0.4068 -0.5485 1.5070 -0.6919 -0.8680 -2.0867 -0.4951 -1.8245 -0.1709 0.3791 0.6464 -0.8774 -0.5858 -0.0054 1.7088 0.5233 3.0305 1.6776 -2.1421 -0.2294 0.8612 -0.5475 1.5322 0.1420 -0.6930 0.8110 -0.2565 -0.4558 1.6408 -0.5273 -0.7865 1.9623 0.7579 0.0853 -0.4340 -0.1251 0.5085 -0.0538 -0.8104 1.6798 -0.2581 2.0372 0.2151 -0.2491 -0.3681 0.2709 0.6689 -0.9984 1.1095 0.9204 0.2492 -0.8003 -1.4743 -0.9816 -0.7763 -2.0349 0.4294 -0.5012 -0.9080 1.3075 -1.4420 -2.7052 -0.0090 -0.0111 1.2776 0.2819 0.5311 0.7201 -0.1057 -0.4998 -0.1348 0.0474 -0.5771 -0.0996 -0.3148 -1.0587 1.5351
0.5475 1.4347 -0.4866 -1.5562 -0.9767 0.0730 -0.0396 0.5496 0.4559 0.0149 1.1183 -0.6400 -0.8211 -0.6914 -0.6909 -1.3198 1.6416 -0.4118 1.6601 -0.6853 0.4952 0.5950 -1.4371 -1.3354 1.7897 -0.3408 -1.6898 0.2341 -0.2396 -0.5751 -0.4641 -0.5040 0.4454 -0.2707 -0.5018 0.0789 1.4295 -0.6541 1.2170 -0.1581 -0.2674 0.1614 0.2553 0.3038 -0.6667 -1.5473 -1.6718 -1.7182 -1.0100 -0.2685 -0.4894 -0.0238 0.4326 -0.9364 -0.3265 0.0884 2.6915 -0.1832 0.0249 -0.5484 -0.1708 -1.6133 1.2318 -0.4088 -1.0972 -0.3180 0.8762 0.0754 -1.7449 0.4228 -0.9620 -2.7299 0.5671 -0.7680 1.0371 -0.4823 -2.1333 -0.2213 -0.8057 -0.0114 -1.6335 1.0620 0.5700 -0.6986 -2.4072 -1.1920 0.6069 -1.0959
0.2569 0.3495 -0.7928 -0.6415 0.1711 0.9542 1.1993 1.6981 0.6368 0.1054 1.6245 -0.1184 -0.5906 1.0433 0.2798 -1.4183 1.5659 0.3119 0.2578 -0.4854 0.1168 -0.6266 0.7392 -0.2015 0.5021 -1.8616 0.4465 0.8491 -2.0888 0.4110 1.3399 -0.4399 -0.3678 -0.1570 -0.9704 -1.2603 2.3314 -0.8710 -1.4697 -0.7475 0.9118 1.5827 0.4571 -0.4228 -1.3696 -0.3155 -0.2092 -1.8470 -1.5366 1.2158 0.4654 -1.6288 -0.9547 1.3568 0.9905 -0.0495 -1.0557 -1.8609 -1.1095 -1.0844 -0.4229 0.3732 0.6596 -0.2471 -0.9400 -0.7707 -0.4615 -0.3658 -0.9367 -0.6535 0.0010 -0.5774 0.9319 1.5951 0.5345 0.5248 0.2254 -0.6065 -0.4749 -0.5890 0.0119 0.7299 -0.1591 0.2935 1.4734 0.4682 0.8243 -0.0252
0.2785 -1.4103 -0.9809 -1.6533 0.3762 -0.3959 -1.5309 0.8816 -1.1392 0.2015 -1.2434 -0.5105 -0.4127 1.4108 3.6953 0.7598 -0.2173 2.1846 -1.9190 -0.1501 0.0055 -1.1484 -0.1826 -0.0461 2.5735 -0.7237 0.2363 1.1277 1.6010 0.2867 -1.5379 -0.7689 0.2250 -0.3474 0.0811 -0.1886 0.1707 -0.6900 -1.0467 0.1111 1.9770 -0.5395 0.7367 1.7418 -0.6053 0.1477 1.0367 0.3625 2.5823 -0.2055 -0.3880 -0.8472 -0.0030 -1.0873 0.0569 -0.5227 0.6820 1.7539 0.3143 0.4562 0.1578 1.0352 0.5859 -1.0062 -0.3001 1.5084 0.0772 -1.3512 -0.4479 -0.0298 -0.6114 2.1010 0.2985 0.5669 -0.9479 1.8067 0.3898 -0.5570 0.5902 0.9228 -0.1128 0.7747 -1.3006 0.0085 -0.7837 -1.2587 0.0738 -0.6039
2.1384 -0.8942 -2.1601 1.0258 -0.2167 0.0423 0.6582 0.0359 0.3122 -1.9422 -0.3114 -0.1892 -0.9822 -0.5650 0.1367 0.5914 -0.4159 -0.3531 0.7989 1.2742 -0.2030 -1.8749 -0.6491 0.8321 -0.2231 0.5887 0.0335 0.9687 0.7640 -0.6469 -0.8398 0.6676 0.6141 -0.0579 1.0251 -0.1080 -0.0143 -0.0336 0.8149 -0.0607 2.1115 1.1152 -0.7998 -0.0191 -0.4229 -1.7069 -2.1470 1.6921 0.3254 0.8177 -0.8165 -0.8371 -1.1900 2.5596 0.7532 -2.5202 0.4957 1.4096 0.2197 0.1393 -0.9685 -1.6348 -0.2969 -0.9951 0.5196 -0.0419 1.8563 0.0775 0.0237 -1.8210 0.4765 -0.9848 -0.6737 0.6709 0.5645 -0.3831 -1.8205 0.7592 1.3643 0.2911 -0.0561 -1.0140 -0.7446 -0.5042 1.3454 -0.1228 0.1082 -0.9072
0.7567 -1.2910 -1.5663 -0.7764 0.7120 0.2635 0.4142 0.3387 -0.1282 1.2959 1.3982 0.3998 0.6106 -0.9072 -0.4604 0.0456 0.6999 1.5063 -1.1322 -0.0170 0.7951 0.6252 0.6895 1.4746 -1.0472 1.2351 0.1282 -0.4425 -0.1330 1.1776 -0.4799 0.8041 -0.4465 -0.1773 -2.0538 1.4960 0.4280 -1.0941 -0.4000 0.5689 1.8307 -0.7757 0.7788 0.0040 -1.3937 0.3496 0.2974 -1.4040 0.3425 0.9263 1.2746 0.2586 0.1612 0.5247 -0.0320 -0.4518 0.2110 0.5248 -1.8364 1.8725 -1.8017 -1.7732 0.4408 0.2703 1.3655 0.5024 -1.8674 -0.3775 0.4763 -1.3628 0.6985 -0.9057 0.6262 1.1146 -1.2917 -1.5684 -0.0432 0.0612 -2.0241 -0.9532 0.6601 -0.2255 -0.3880 -0.4486 -0.2299 -1.1041 -0.4617 -1.1656
-0.8746 1.0283 1.7613 -0.2412 -0.1016 -0.7902 1.2597 -1.1789 -1.0306 -1.1705 -0.7220 0.1879 0.5214 -1.5137 -0.7536 -0.7745 2.1517 0.1966 -0.8109 -1.0548 -1.8094 1.1053 -0.3901 -1.0334 -0.4822 -0.3144 1.7297 0.2410 2.1800 0.7093 -0.7302 1.8734 1.5484 -0.5098 -0.8295 -0.7960 0.3407 -0.7007 1.4745 -1.0488 2.0803 -0.9945 -0.5438 2.7375 -0.8639 -0.5006 0.4532 0.4302 1.1030 0.4056 0.2201 0.1155 -0.0412 0.0069 -2.0473 0.8943 1.5878 -0.0333 0.4989 0.8632 -0.5810 -0.2567 0.8696 -1.2250 0.8137 0.6099 -1.3352 -0.1968 -0.2113 -0.4321 2.5029 0.6460 1.2559 0.2635 0.2135 1.6292 -0.9657 1.6436 1.5504 0.4663 0.8379 0.2913 0.5419 0.4340 -0.7677 0.8896 -0.6104 1.3222
1.9212 0.0661 -0.3471 -0.1427 0.0767 0.7316 -1.0889 -0.7840 1.0624 -1.4922 -1.9108 -0.4332 -0.7666 0.4711 0.2544 -0.7912 -0.5285 0.6893 -1.8880 1.1925 -0.0448 -1.1312 1.2329 -0.5537 0.6712 -0.2143 -0.1699 1.1420 -0.1882 0.3039 1.4323 0.7354 1.8343 0.1352 0.6052 0.0088 -0.7151 -1.6626 -0.3152 0.6493 -1.6272 0.2231 -0.9295 -0.8412 0.8073 -0.7759 -0.4066 1.3195 -0.2066 -0.2559 0.1183 -0.1349 1.6545 -0.3184 0.1921 -0.0535 -0.4815 0.3112 1.3930 -0.5324 1.1673 0.5754 1.7375 0.0690 -0.8931 0.1268 -0.6776 0.1835 0.4280 1.0180 -0.1235 1.6585 0.6930 3.5266 -0.6090 0.0582 -0.5082 -0.2415 1.0938 -0.0219 1.2836 0.1816 0.6304 0.6571 -0.6244 2.0632 -0.0452 -1.0142
-0.6069 -1.0927 0.2450 0.5305 1.6216 1.3495 0.6640 2.2281 -0.3289 1.7512 0.9171 -0.3711 0.8119 -0.1004 0.1692 -1.2991 0.2315 -1.0142 -0.3389 0.9246 1.6889 -2.2066 1.5216 0.0873 1.6889 -1.2674 0.5499 0.4131 -1.2051 0.1946 -0.2445 0.0385 -1.1978 -0.5049 0.8694 0.7733 -0.7431 0.5341 0.5294 0.1512 -1.2529 -1.9166 -1.3964 -0.6948 0.9326 2.5470 0.1765 -1.1264 0.5844 -0.6748 1.1448 0.7430 -0.7376 0.9022 -0.4504 0.6088 -0.7330 0.9894 0.2616 0.5128 0.6590 -0.4137 -0.4738 -0.1712 0.0211 -0.5914 0.4503 -0.8016 -0.4899 0.8400 0.1033 -1.3398 -0.7702 -0.6351 -0.2713 0.5670 0.5083 -0.8173 0.8672 0.9468 0.1713 -1.0893 0.6785 0.4662 -0.8775 0.8417 -1.4319 -2.1264
0.9443 -1.3990 0.7623 -0.0864 2.6589 1.9157 0.8972 0.2885 0.8046 -1.4531 2.2653 -0.1234 -0.9706 -0.6784 -1.5549 0.4019 0.2219 -1.0236 -1.5295 -2.2269 1.3763 -0.2036 -0.0236 1.3264 -0.5726 1.0526 0.0258 0.2129 -0.6177 -1.0980 -0.8593 -0.5894 0.1375 -0.3132 0.3965 -0.9427 -0.5836 0.2495 -1.6066 1.5027 1.3544 -1.2354 -0.0701 -0.6748 0.4378 0.1474 0.8838 0.6682 -0.1143 -2.0327 -0.4212 0.8979 1.2536 0.5968 -0.4549 -0.0132 0.4671 0.9891 -0.6547 0.2758 0.3848 -0.9973 0.7275 -1.2998 1.1929 0.4460 2.8663 0.4679 -0.9700 1.1235 0.0927 0.5341 0.3960 -0.3399 -0.9877 -1.1402 1.0017 0.3724 0.6659 -0.5326 -0.7847 -0.5230 0.2789 2.2336 -0.1633 0.0837 0.3471 -0.8686
2.0127 1.8222 -0.4158 0.0676 -0.1623 1.1617 1.0522 0.2353 -0.0384 -0.6191 -0.0192 0.2200 -0.0959 -0.3418 0.0613 0.8333 -1.1577 0.6991 0.6803 -0.0777 -1.8768 -1.0243 -1.6310 0.0894 1.5549 0.3022 -0.1266 -0.6856 0.7854 -0.7771 1.1748 0.4904 -0.9350 -0.9452 0.4989 -0.8690 -0.1244 0.5332 0.5267 -0.2033 -1.5422 0.8153 -0.7249 0.9658 0.3698 -0.6902 -0.3881 -1.1846 0.4097 -2.3363 2.7414 1.4385 1.6906 -0.3501 0.1150 -0.5216 -1.4915 0.1171 -1.3273 0.5901 -2.7432 -0.7062 0.9638 -0.3373 0.9085 -0.1771 -0.1882 0.1314 -0.3342 0.4990 0.3225 0.2601 -0.8931 0.0485 0.8656 0.7348 0.9991 0.4395 1.1979 -0.6635 -1.7230 1.1811 -0.4905 -1.7025 -2.5630 -0.2902 -0.7117 -0.1684
0.0388 -0.4768 0.5889 -0.7633 -0.6220 0.0381 0.0575 -0.9170 1.3926 0.7433 0.2092 0.1179 -0.2289 -0.4388 0.5961 -1.1581 -1.5789 0.8102 1.0670 -1.2370 -0.6781 1.3868 0.5379 -0.1912 -1.2898 0.1520 0.8479 0.7321 1.9469 -0.0686 -1.0328 -0.2772 -1.2587 -0.8596 -0.2111 1.6111 0.3820 -0.1328 1.9670 -0.1986 0.7922 0.3047 -0.1995 0.5461 0.3222 1.5498 0.0474 0.4848 0.1316 1.8144 -1.5430 0.1942 0.5956 2.7816 0.1385 -0.0043 1.1425 -0.0483 1.8125 -0.9128 1.1178 1.0164 -0.9067 -0.3021 -3.5447 -0.6021 -0.1612 -0.5452 0.3916 -0.2142 -0.7076 0.8775 -0.7880 -1.0358 1.2548 1.9204 0.0195 -1.1790 -0.7150 0.3663 -0.1545 0.3046 -0.9574 0.7444 -0.2206 -0.6999 -0.9290 0.0918
-1.0312 -1.0918 -0.1385 -0.7983 1.8486 -1.1785 -1.5825 0.4343 -0.1565 1.0609 -0.0670 -0.5070 1.2288 -0.7653 1.2603 -0.5373 -1.1186 0.7676 0.6499 1.4432 1.6113 -0.5794 0.5581 0.7952 -0.0535 0.4977 0.9323 -0.6053 -0.3557 0.4262 -0.1102 -0.5493 -0.7810 -1.2199 -0.8102 0.3287 1.1967 0.3519 -0.9410 -1.2055 -0.2445 -0.0608 -0.0496 -1.0926 0.4815 0.4088 0.6373 0.1838 -1.6832 3.2596 -0.3439 0.6488 -0.0354 -0.4435 0.4930 -0.8617 0.2658 0.9723 -0.3219 -0.2539 -0.7352 1.7124 1.0273 -0.0345 -2.0294 0.1184 0.1919 1.3608 0.1794 -0.3363 1.3085 1.1208 -1.9069 -0.0495 0.7893 0.6842 0.1287 -1.9152 -0.8946 1.1359 0.3404 0.0277 -0.1536 -1.3633 -0.5101 -0.8206 0.5314 0.1426
1.1456 -0.6479 -0.7736 -0.4631 -0.6795 -0.0337 -1.1683 -0.2739 -1.0441 -1.3491 -1.2983 1.1384 0.9377 -1.4916 -1.7822 -0.7443 0.6302 0.0616 2.5128 0.2601 -0.1458 -0.4898 -0.7699 0.3133 0.0296 0.1894 0.2712 0.2426 -0.4721 -1.3617 1.1652 2.6165 -1.5833 -0.7683 -0.6154 -1.2769 -1.5807 -0.7750 0.0718 -1.1200 -0.7511 0.9983 1.1682 -0.4719 1.2134 0.2338 -0.8231 1.8650 -0.5606 -0.9423 -0.3961 0.7392 1.6283 0.1832 -1.0765 0.3753 0.1952 -0.0484 1.3393 -0.7832 -1.5221 0.4591 -2.4648 -0.3755 0.8416 -1.5026 1.1597 -1.9870 -0.1627 1.7977 -0.2292 0.0806 0.8295 0.7569 -1.2492 -0.9608 -0.5041 -0.9185 -0.8174 -0.9728 0.8210 0.0241 0.6667 0.9671 0.0278 -0.0373 1.1302 -0.1915
0.5623 1.2845 -0.4610 -0.2034 -1.3229 0.2532 -0.2288 -0.8831 0.9701 0.4630 -0.5096 1.0844 -1.2963 0.9665 -1.5815 0.0366 0.3688 -0.8999 -0.2283 0.7717 2.3022 1.8362 -1.0983 -1.0058 0.3577 1.3975 0.0119 0.4924 1.5456 0.1894 -1.3056 -0.4023 -1.3038 0.6602 1.6547 0.0222 -2.2697 -1.2716 0.6479 -1.7903 -1.4004 1.1924 -1.1172 -0.6006 -1.0972 0.4835 -1.4883 -0.5068 1.5855 1.0786 0.3637 0.6244 1.3275 0.9960 -0.2338 0.6520 -0.0431 -2.1535 0.2845 -0.5091 0.0670 -1.2420 -0.9400 1.9583 -0.3506 0.9870 1.4293 0.8427 0.1511 -0.6241 -0.9155 0.4880 0.3197 -2.0544 -1.8920 -0.8539 1.0542 -0.8884 -0.0901 -1.2837 -0.9393 -0.5808 -0.6145 0.1144 -0.8223 -1.0359 -0.4057 -0.3891
-1.0271 0.6350 1.8501 0.5371 1.6085 0.1981 -0.3327 0.0702 0.7718 -0.0624 0.5728 1.2289 0.0927 -0.0381 0.3531 1.0216 -1.9271 -0.3052 1.7555 -0.5409 0.7843 -0.2179 -0.7902 0.6157 1.4606 0.3632 -0.5509 0.0886 -0.5185 1.5803 -0.1166 0.5386 -0.3882 -1.2085 -1.7723 -0.2710 -0.5289 1.0001 1.3415 0.5732 -1.3506 1.9715 0.3103 -0.4619 1.5198 -1.9316 0.1058 -0.7324 -1.7750 0.7321 -0.3765 2.2503 -0.2247 0.0377 -0.3275 0.2675 0.4910 0.0626 -0.0285 0.0233 1.6295 0.0177 2.3260 0.1589 -0.3319 1.2391 0.5469 0.0131 -0.9712 0.7207 -0.6470 -1.2338 0.0548 0.4550 0.1412 -0.4234 1.9069 1.1094 0.5374 -0.5497 -0.4613 0.3107 0.2890 -1.3762 -0.8667 1.2786 0.8108 0.6138
-1.8012 -0.4571 -1.5635 -0.3031 0.6727 -1.6162 -0.0160 -0.4817 0.5012 -0.4596 0.7107 -0.2246 -0.7203 2.0510 -2.0186 -0.0183 0.8254 1.4081 1.9034 0.0957 -1.7137 1.0611 -0.3556 1.6850 0.7327 -1.3563 0.1521 0.5979 -0.3357 -1.2035 0.1864 1.9279 -0.7191 0.7306 0.7844 0.6561 -0.2035 0.2684 -0.0053 -1.7315 -0.8489 0.0078 0.0911 -1.2282 1.9321 -0.6768 -0.9889 0.0378 -2.5616 0.6457 0.4994 0.3442 -0.3534 0.2720 0.7983 -1.0364 -0.2272 0.9909 -0.5912 -0.6665 0.6615 0.6797 -0.7771 -0.0199 -0.7744 -0.4527 -0.2101 -0.4841 0.0789 -1.0483 0.5357 -1.4380 -1.6411 0.4828 0.9914 0.4828 1.2118 0.6764 1.0116 -0.3982 -2.1726 -0.5505 -0.8050 1.6239 0.1785 0.2887 -0.4482 1.2468
0.0334 -0.2186 1.0749 -0.3593 1.5891 -1.1412 -0.9829 -0.9662 1.0684 -0.3591 -0.5504 0.2835 0.7409 -0.1873 -0.4645 -1.2882 0.2486 0.5336 -0.8178 0.2091 -0.5924 -0.2242 0.3018 -0.6799 -0.1160 -1.1294 -0.2330 0.1793 0.9055 0.2931 -1.6189 -1.3238 0.8231 -0.6621 0.3549 0.3356 0.1207 0.2608 2.0480 1.3332 -0.7729 -0.6990 0.0473 0.8464 0.0807 1.3498 -0.8527 -1.0234 0.3001 -0.0293 0.4126 0.2363 -0.2411 -1.0869 0.8787 -0.0530 -0.5372 -1.4232 -0.1092 0.2510 -0.5291 -0.4217 -0.8475 -1.0294 -0.1144 0.0138 1.2588 0.3200 -0.2393 0.1661 -1.0630 0.3412 0.6328 -0.0172 -0.1253 -0.7344 -0.0074 0.4560 0.3978 -1.1006 -0.5344 1.3836 -0.7879 0.4729 0.6892 -1.0683 -0.4308 -1.1622
-1.5331 1.1235 -0.6750 -0.2030 1.3984 -0.7110 -0.4803 -0.0761 -1.8237 -1.8892 -0.1262 1.4823 -1.1224 0.1989 1.6436 1.3127 -0.9552 1.2336 -0.0393 -0.5588 -0.8421 -0.4878 -1.1226 -1.4308 2.1176 -0.3727 1.3799 0.5090 -1.1758 -0.0527 0.9876 0.1406 0.3431 0.8786 0.5471 1.7917 0.3381 -0.7043 -0.9766 0.6760 -0.3181 -0.8333 -0.3199 -1.0732 0.8172 1.0279 1.0602 0.4738 0.3412 -1.6866 0.9585 -1.3383 0.3260 0.1521 -1.5360 -1.7903 0.8103 0.1157 -1.2288 -0.4457 -0.0702 -0.3624 0.2824 -1.5571 0.0393 -1.3463 -0.8010 0.9975 1.2998 0.2437 -0.2266 -0.3705 0.5112 -0.6869 0.8771 1.1165 0.6735 -0.5034 -0.4150 -0.8125 1.4037 -0.6741 -0.2392 0.2729 -1.1687 0.4375 -1.8947 -0.6787
-0.6523 -1.4775 0.1106 -0.3316 -1.8484 -0.1805 0.2192 -0.0838 0.3365 -0.6394 -0.3751 0.7393 -0.4466 -0.3537 -2.0936 0.4565 1.3275 -0.6190 -0.7735 -0.0064 0.3807 -0.5714 0.1966 -0.8877 -1.1159 -0.2118 -0.5864 -2.1052 1.2445 1.7865 -1.3018 0.4150 -0.4508 -0.1595 1.9467 -0.7217 -0.4512 -0.1122 -2.0590 0.6560 -0.5318 -0.8992 -0.0391 -0.5180 -0.9815 -1.8270 -0.2396 -0.6929 -0.5476 0.1699 0.4000 0.6699 -1.6788 -0.5352 -0.9844 0.5407 0.4864 -0.3793 0.1382 0.8041 -1.2728 1.3983 1.0855 0.2872 0.8219 1.6914 -0.1395 -0.3957 -0.2402 -0.7354 0.9267 -2.2011 -2.1625 0.4692 1.0399 0.4729 0.0998 2.1024 0.0901 0.0055 -0.7885 0.4534 0.4834 -0.2001 -0.5773 1.6710 -0.0060 -0.1634
1.1030 0.2034 -0.1064 -0.5006 1.1604 0.3316 0.4866 -0.7412 -0.9497 0.7648 -1.1427 -0.3978 0.8421 -0.2814 -0.2325 0.3920 0.1782 2.7135 0.0407 -1.8662 -1.1267 1.9030 0.5650 -1.0714 0.1595 2.2094 0.4246 -0.3241 -0.9992 0.5178 -0.1655 -1.5193 1.6227 0.0986 0.1189 -1.1270 2.1120 0.0617 -0.3621 0.4440 -0.1338 0.2237 -1.3741 -1.1205 1.2498 -0.4842 0.8309 1.4807 -0.3169 -0.6324 1.1877 0.5268 0.0729 0.4336 0.9260 -0.6335 1.0087 0.6990 0.0899 -1.9495 -1.0012 -0.9324 0.8586 0.6766 -0.0171 -1.7614 -1.1390 1.4077 1.7397 0.6334 -1.1250 -1.5252 -1.1926 -2.1784 -0.3265 -0.3176 0.7172 0.2645 -2.0344 -0.3532 0.2068 1.5272 -2.0392 -0.1164 0.8430 -0.2264 -0.4243 0.5499
0.7526 0.1123 2.2664 1.2084 -0.0328 0.7403 1.4249 -0.3835 -1.3113 -0.2319 -1.6112 0.4772 -1.2305 -1.1667 0.4859 -0.6016 0.0606 -1.6099 -2.0037 0.6623 1.3694 -0.7331 -0.9028 -0.2198 -0.8719 -0.0862 0.4110 1.3344 -0.5780 0.3687 -0.5860 1.1115 0.2138 -0.0336 0.3852 1.2605 -0.1616 0.0869 0.9389 0.9985 -0.0645 2.0428 0.1498 0.7809 0.6384 0.6811 1.0021 -1.3995 -0.1683 0.7365 -0.3542 -0.9274 -0.3977 -0.9793 0.1201 -2.0173 1.8390 0.0092 1.4627 -0.5821 0.8217 0.2446 -1.3269 0.3944 -0.0697 -0.2794 0.8978 -1.6363 0.1412 -2.7519 -1.6365 0.1614 -0.2763 0.9742 1.0940 0.6411 -0.8268 -1.3712 -0.2435 1.2582 -0.7214 -1.4530 0.6419 -0.2501 -0.1477 1.0113 0.3654 -0.3937
-0.2362 -0.5119 1.2005 -0.8193 2.2332 1.0975 2.1744 -1.5477 -0.7947 -0.0367 -0.0777 -0.2187 0.5623 0.2764 1.7251 1.1405 -0.1322 -1.6713 -0.6642 -0.3324 1.0557 -0.1154 -0.6482 -0.6335 0.0317 0.4598 0.2165 1.4678 0.6276 -1.3017 -0.0402 -1.9845 -1.0772 -1.9666 -1.3717 0.6117 0.3300 -1.3814 1.8220 -1.9461 -0.4261 0.9057 2.6863 -0.2084 -0.0834 -0.1293 -0.9995 -0.6722 0.6122 -0.7892 -1.8429 -0.7129 -0.2155 0.3892 0.6065 -1.2556 -0.1631 -0.8669 0.4544 -0.6781 0.4575 1.4999 1.6843 0.7054 0.5870 1.1584 -1.5524 -0.4869 -0.0416 0.8868 1.7580 -1.6821 -0.1724 -0.2979 0.7273 1.9694 0.2373 -0.9810 0.3441 0.0429 -0.8571 0.8640 1.9417 -1.7337 0.1732 -1.7495 -0.6904 -0.4688
1.5764 -0.5334 1.2077 1.3137 0.0818 -0.1738 -0.6736 1.4504 0.3341 1.5820 0.6355 1.2876 -0.9832 2.1855 -0.6027 -1.1589 -1.1713 -1.8158 -1.8238 -1.4130 0.6238 2.6979 -0.6368 0.4398 -0.0600 -0.0614 -0.6089 0.6142 0.3479 0.4826 0.2376 0.1781 -0.8593 -1.2415 0.3683 1.5081 -1.3263 0.7583 2.1001 0.2584 0.2316 0.0688 -0.6845 1.6142 0.4283 -0.0326 1.0568 -0.0775 1.0287 -0.9954 0.7029 -0.5311 1.7545 -1.1602 -0.1729 0.4117 0.7663 0.9701 0.1204 1.5018 0.4126 0.0377 -0.7897 -1.3181 1.0404 -1.3519 -0.4158 -0.1722 0.7856 1.2457 -2.0530 0.9824 -1.2666 -0.1451 0.1835 -0.1300 -0.7669 0.2342 1.8663 0.1405 -0.8074 -0.7775 1.1147 1.4939 0.5749 0.7669 -0.5472 1.0010
-1.6890 -0.6495 0.4922 0.1834 1.0846 -0.5800 -1.2356 0.4561 -0.9873 -0.2825 -0.7139 -0.3266 0.9777 0.2616 1.3040 -1.4468 0.6046 1.4273 0.5658 -0.3423 0.0420 0.0059 0.4070 0.6346 -0.6079 -0.3043 -1.1671 -0.6530 -0.0070 -1.1284 -0.9385 1.1368 -1.2402 0.8362 1.1967 1.5096 0.3686 0.6633 -1.6196 -0.7414 0.1792 0.8289 0.7584 -0.0085 -0.6487 -0.5646 -0.0011 -0.2974 -1.0963 0.4440 -1.7911 -0.4042 -0.6614 0.6800 1.6666 -1.3814 0.0201 -0.1594 -0.2182 -0.7411 -0.6125 0.2824 0.2471 1.3046 0.0619 1.8711 -0.8588 -0.5351 2.5809 1.1629 0.2124 0.1569 -0.0921 -0.1696 -0.6495 2.9667 0.4460 -1.0539 1.1929 -1.9276 0.1791 -0.3365 1.9260 -1.2483 -1.1655 0.0626 0.6469 -0.6089
-1.1405 0.9757 0.1461 0.6927 -0.1620 -1.7210 -0.0578 -0.2935 -0.8323 -0.0252 0.7151 0.2438 0.5167 0.7517 -1.5072 2.0983 1.8765 0.1432 -1.7041 -0.0014 -0.0380 1.6436 -0.9670 -0.6960 -1.2272 -0.6889 -2.4063 -0.1999 2.4845 1.5806 2.0339 -1.5832 -0.6288 0.6175 1.2942 -0.3764 1.4763 0.7426 0.2723 0.5928 -0.1905 0.8659 0.7846 -0.9610 -0.8879 -0.6304 0.5312 1.2939 1.3022 1.1822 -0.7104 0.4575 -1.2741 0.1784 0.0304 0.0077 -1.2853 1.1264 1.5675 -0.3587 -0.4439 0.2230 0.2127 1.0017 1.2138 0.0289 -0.2252 -2.3112 -1.0701 -2.6438 -0.6534 1.3146 1.4955 0.8906 0.4075 -0.3919 -0.8585 0.3636 1.6504 1.1668 -0.9380 0.3015 -1.1870 -1.7121 -0.8296 0.7804 0.9981 0.0158
-0.2195 1.2839 -0.0078 1.0390 0.9234 1.8972 -0.5829 -0.1504 -0.5143 -0.3563 -2.0147 -0.6671 0.2219 1.4161 1.0677 1.8640 -0.7716 -0.9827 1.0021 -0.8029 -1.5155 0.5299 0.7111 -0.5349 -0.1707 -0.2193 1.1983 0.3199 -1.4106 1.2246 0.1428 0.6436 -0.4634 -0.2418 2.0146 -0.1780 -0.8005 -0.0008 -0.4335 0.2086 0.3292 -1.8410 -0.3262 -1.0106 0.9473 -0.9735 0.2866 0.7734 -0.2852 1.1776 -1.0631 -0.2273 -0.0464 -0.5975 -2.1033 0.7134 -0.6205 1.6969 0.2385 -1.5576 -0.3967 -1.0900 1.7218 -0.1426 1.1200 -1.5336 -0.6741 0.9776 0.6240 0.3317 -0.8261 0.9416 -1.6366 -0.0458 0.2929 -1.1034 0.2890 -0.3355 0.0877 0.0742 -0.4834 -1.5215 -0.7489 0.8967 -1.4968 1.6102 -0.4820 -1.0875
-1.0031 -0.2075 0.2207 -1.2411 0.4041 -0.2106 -0.6309 0.2108 -1.8873 -1.3749 -0.1953 -0.0818 -2.6313 -0.9470 -0.4103 0.5418 -2.6256 0.1985 -0.1200 -1.1203 -3.0097 0.5099 0.4486 -1.8789 -0.7173 0.3880 0.5307 0.6143 0.0446 -0.3376 0.6305 0.3044 0.3224 0.7765 0.2834 1.8317 0.1278 0.6194 -1.4701 -1.2753 -0.3913 1.3133 1.7306 0.1539 -0.1877 -1.5231 -0.2138 0.1149 0.8922 0.2685 -0.7279 0.9780 -0.7884 -0.2783 0.9840 -0.5401 -0.9978 -0.6387 1.7032 -0.1522 1.8359 -0.5886 1.7590 1.2878 -0.0307 0.1564 0.5932 -0.6801 -0.7492 -1.0455 0.5474 1.5078 -0.6940 -0.6671 -0.3665 -1.1738 0.4031 -0.5908 -0.4948 -1.8283 -0.1512 0.4415 0.0892 0.2917 -0.8427 0.5054 1.4574 -1.1638
-0.2849 -0.2750 0.5083 -0.1789 0.5782 1.2811 0.5160 0.1611 1.5390 0.2738 -0.9610 0.8097 0.2201 -0.9005 1.4572 -0.5008 -0.0528 0.2051 -0.4027 -0.8634 0.3098 0.3268 -0.5534 3.0222 1.7843 -1.2015 -0.2867 0.7877 -1.5298 0.2711 -0.2050 1.0725 0.0860 -0.3567 0.8949 1.2355 -1.5934 -0.8912 -0.9513 0.3745 -2.3940 -1.0757 -0.5360 0.9665 -1.3001 1.2165 -1.1862 0.2330 -0.1262 -1.0265 1.0431 1.2761 0.0804 -0.6383 1.2890 -0.5961 -0.5251 -0.1825 0.5773 -1.6451 -0.8085 0.8517 0.0128 -1.6842 1.0022 -2.4133 -0.7918 0.8397 0.4388 -0.8884 -1.3328 0.3820 -0.8796 -1.9151 1.0561 -0.4751 -1.1170 -0.8996 -1.7588 -1.5998 0.1886 -0.4932 0.2222 -0.7710 -0.5726 0.1844 -1.1554 -0.4339
-0.0734 -0.7127 -0.5368 0.4767 -0.8765 -0.2329 1.0859 1.5842 1.1472 -0.5352 -0.2556 1.7694 0.9170 -0.0608 -0.0798 0.4209 -1.8764 1.2872 0.4913 0.0466 -0.2442 -0.7525 -0.7421 1.0031 0.0869 0.3029 1.8952 0.6632 0.1336 0.1380 -0.4976 1.1889 -0.0282 -0.5168 -0.5295 0.0789 0.0956 -0.3653 -2.3745 -1.4988 -0.3526 -0.1168 0.2353 -0.4963 1.1378 -1.7636 -0.3475 -1.5572 1.4512 -0.0570 -0.3863 0.5200 -0.0758 -0.7512 0.3575 0.1343 0.1729 0.5507 -0.3081 -0.2413 -0.3868 0.8022 1.5022 0.4393 0.1500 0.0268 0.1427 -1.5756 -0.9703 0.1831 -0.9411 2.1134 1.0157 -0.2079 0.3776 -0.5363 -0.2187 -0.3766 0.3806 0.2612 0.3659 0.9817 -0.5128 1.0590 -0.7380 -0.6984 -1.7737 -1.8537
-0.8395 -0.4884 0.7905 -0.3905 0.4943 -0.1985 -0.1959 -0.8489 -0.7311 -1.3770 0.0648 0.6764 -1.1674 0.3122 0.4401 1.0746 -1.8051 0.3707 -1.3759 0.9370 -0.0762 -1.1139 -1.0267 0.6674 -0.0532 1.1375 0.5830 -1.0162 0.1275 1.6984 0.8878 0.8075 0.1869 0.4691 -0.6658 1.5156 1.0097 -1.0327 -0.0173 -0.5898 -0.4101 0.3013 0.6379 0.5180 1.2449 0.7457 0.4247 0.1636 1.7163 -0.1114 0.4625 0.0205 0.8831 1.6005 1.4240 0.9059 1.0037 1.0037 -0.3998 -0.4691 -0.5390 0.5451 -0.5269 0.4108 -0.3206 0.0786 -2.0908 -0.4968 0.0822 0.9130 0.5859 0.5629 -0.6812 1.3593 -1.9449 0.0806 0.6547 1.4023 0.5137 0.9455 -0.7329 0.2376 0.0492 -1.5263 -0.2912 0.7583 1.7341 0.4511
0.4545 1.6558 1.1617 -2.1418 -1.5103 0.5789 0.3697 0.1248 0.0266 -0.1791 0.7303 -0.3744 -0.3961 -1.7434 0.0356 0.2341 -0.2778 -1.5269 -1.7815 -0.0018 -0.3186 0.9138 -1.3572 1.1118 0.0337 0.1443 1.6841 -0.5783 0.1180 -1.2858 -2.1489 0.3967 1.7121 1.0984 -0.2511 -0.2432 0.0939 0.9804 -0.3748 -1.9271 0.4216 1.8915 1.6636 1.5374 -0.4369 -0.1140 0.8002 0.1325 -2.3065 -0.2638 -1.3003 0.2028 -0.3194 0.3785 0.3982 1.0542 0.6323 0.5136 0.5576 1.3791 1.3326 -2.5933 0.4702 0.7689 0.1140 1.5491 -0.2110 0.6317 -1.1195 -0.0228 -0.7766 -0.2402 0.0167 -1.0597 0.6838 0.7128 1.9509 -0.2112 -0.8887 -0.3171 -1.6828 0.6120 -1.3895 -1.7588 1.0326 2.1410 -0.5715 -1.1800
-0.5390 -0.2103 -1.8087 -1.2486 1.7905 -0.0739 0.7220 1.5087 0.6114 -0.8008 0.8583 0.4472 1.3936 1.7352 0.1333 -0.1621 -0.6281 1.1823 1.4859 -0.0762 -0.2445 -1.6242 0.1495 1.3524 -0.1089 -0.3576 1.3107 0.2470 0.3934 -0.6365 -0.1003 -1.0847 0.8033 -0.6246 -0.7330 -0.5528 0.1641 0.4086 0.2813 0.1922 0.2883 -0.7268 1.0326 0.2895 0.2447 0.5622 1.4265 1.6183 2.1227 0.6546 0.8272 -1.0079 0.2001 0.7693 -0.7280 -0.6172 1.1817 0.2933 -0.0064 0.2514 -1.1524 0.9053 0.2709 -0.0208 0.5350 1.8010 0.2453 -0.4467 1.8646 0.1653 0.7982 -0.6490 0.3095 0.3556 -0.1341 -0.8774 0.5036 0.7363 0.7534 1.0890 -0.8914 -0.1757 -1.0289 0.1360 -0.0553 -0.9770 -0.0430 0.4728
1.9318 0.6618 -0.5556 0.4092 -3.1097 3.1541 -1.2339 -1.0551 0.5418 2.2924 0.5964 -0.7715 0.3028 -0.4067 0.7958 -0.9460 0.3299 -1.3604 1.0089 -0.6025 -1.5384 0.9959 0.3323 0.6162 -0.6889 -0.1068 -1.2765 -0.0035 0.8839 -0.3824 0.4290 0.6117 0.7850 1.3234 -1.2472 -0.2767 0.8422 -0.3302 -0.3769 -0.6374 -0.6871 0.1226 1.2582 1.9992 -1.6757 -0.1575 -0.5691 -0.4689 0.2353 -0.6862 -1.4336 -0.3288 0.6401 1.7672 -0.5833 -0.7168 1.5464 1.5847 0.1703 0.8769 0.2209 -0.8730 0.3546 -1.6502 0.5246 0.4625 0.4990 -1.8297 0.9735 -0.1596 1.8329 0.6577 -1.6112 0.1200 -0.6649 0.0390 0.5812 1.7583 0.8826 0.7395 0.3705 1.2095 -0.2566 -0.6420 0.9390 -2.2138 2.1670 -0.1593
1.4538 -0.3745 -1.0520 -0.9004 0.2066 0.0520 1.2325 0.7648 0.1364 -0.1953 -0.1623 -0.6028 0.9582 0.1211 -0.1840 1.0202 -0.6339 0.3906 -1.8409 -0.9146 1.1120 1.0856 -0.2659 -1.9311 -0.5439 1.0124 1.5950 -2.3090 0.3293 0.3906 0.8920 0.5717 -1.0777 -0.4644 0.8702 -0.0603 1.2728 -0.0322 0.2546 -0.2294 0.9286 -1.1813 0.6035 0.6920 -0.7968 -1.7454 -0.6734 -0.8024 2.6769 1.3438 1.0317 -0.6306 -0.8224 0.7460 -0.9154 0.3384 0.6625 -0.1102 -2.2677 -0.2622 1.4400 0.5913 0.0066 0.5418 1.6135 0.2023 0.7585 -1.4928 -1.8234 -0.3774 -1.5454 0.2982 -0.0039 0.9946 -0.7093 1.9396 0.7329 -0.5104 -0.1533 0.1457 0.7161 -0.7501 0.9554 -0.2982 0.9714 1.7408 0.3571 0.3566
0.1946 0.5127 -1.4729 0.2958 0.4801 0.2899 -0.1831 -0.6162 1.2802 -0.6896 -0.1729 0.4305 1.2110 -1.0010 0.3106 0.5163 -0.1886 -0.4113 -1.3652 2.2749 0.2070 -0.6952 -0.6026 1.0513 -0.4945 1.1290 2.7847 1.0153 -0.6539 -0.3562 -0.3238 -0.9308 3.0670 -0.7825 1.0155 1.1444 0.6464 0.7856 1.2095 -0.7908 -0.9090 -0.4567 -0.1222 0.0931 -0.6696 -0.6831 -0.8205 0.1405 -0.1441 0.7983 -1.2862 0.5215 0.1655 0.8326 -1.5618 0.2060 -0.7609 -0.0529 -0.8068 -0.0104 1.2791 -0.0029 -0.5772 1.8074 0.2201 -0.0388 -1.1281 -0.2922 0.3001 -0.9764 0.6383 -0.8557 0.3895 0.1465 0.6043 1.5444 -0.1944 1.0998 0.2353 1.2896 -0.1836 -0.1232 -1.5336 -0.3733 -1.1890 -0.7921 -1.2419 -0.7486
-0.4857 0.2174 -2.3033 -1.0474 1.5536 -1.1296 1.8073 -0.4597 0.4558 0.2516 -1.0663 1.3889 -1.2768 1.4664 -0.6873 -2.0724 -0.0696 0.9624 0.2123 -0.4927 -0.2999 0.3446 0.5724 0.9892 0.5116 0.2343 0.0815 -1.4924 -1.0186 -0.3494 0.3613 -1.2287 -1.0244 -0.7266 -1.0293 0.1599 -1.8711 -1.6321 -0.9400 1.5860 1.5493 -0.4193 -1.4285 -1.1157 -0.9246 0.8790 0.1418 1.0031 0.6306 -1.9128 -1.2074 -0.8333 0.5720 -1.3926 0.2844 0.1670 -0.9405 3.0118 1.8219 0.0681 0.0781 -0.7540 -0.1368 2.0932 0.3049 0.9632 -1.1954 -1.1767 -0.1053 -0.4742 -0.1128 0.8515 0.0628 -1.5067 -0.6981 1.8667 -0.8043 -0.8283 2.8941 0.2038 -0.0736 1.0949 2.6241 0.3745 -0.2865 -1.2236 0.7811 -0.3030
-0.1567 1.7303 -1.2312 -0.0161 1.6589 -0.7547 -0.4072 -1.6648 -0.5882 0.9957 -0.3777 -1.5370 -1.0442 0.8561 0.2156 -1.4504 1.0965 1.5989 -0.3086 -0.5803 -0.5896 1.8224 -0.1142 -0.0327 -0.2333 -0.2424 0.2303 -1.8794 -1.0394 1.4372 1.3701 0.2604 0.1201 1.8130 0.4563 -0.1408 2.1819 -2.4099 0.8941 0.4684 -0.5211 -0.4832 1.3164 -0.9899 -1.4616 -0.3250 0.0399 0.0253 0.2411 -0.7474 -0.2995 0.6779 1.0807 0.6813 0.9156 0.3651 -1.9201 -1.2348 -0.4490 1.1619 0.7519 -0.1254 -0.5530 0.4033 -0.2813 0.1294 0.7680 -1.4720 -1.3525 0.7570 -0.5265 -1.0113 0.7413 1.3016 -0.3455 -0.4018 0.1952 1.2000 1.5970 -0.0367 1.8516 -0.4629 0.9396 0.1039 -0.7041 -0.3684 -0.4387 0.0881
-0.1268 2.1013 -1.0590 0.2492 0.0454 -1.4946 1.7986 0.7097 -1.3713 -0.3209 2.2010 1.1297 0.7006 -0.0731 -0.2968 0.5954 0.4668 -0.9480 -0.7896 0.9425 0.8880 -1.9500 -0.7196 3.0281 1.6734 -0.6391 1.3232 0.5085 0.7481 -2.0620 -0.1777 -0.0112 -0.5286 -2.2498 0.4693 0.9064 0.9726 0.8134 -0.4612 1.0352 1.0934 -0.5587 -0.7737 0.6971 -0.8083 0.0871 0.7990 0.2921 0.0870 -1.4419 0.4075 -0.2739 1.8440 1.3175 1.9759 0.5769 -0.1788 1.4684 -0.5536 0.4257 -0.5730 -0.9826 0.6036 -0.8557 1.0870 0.7443 1.3068 1.7355 -0.3396 -2.2018 2.5881 0.4475 -0.7949 0.3090 0.8792 -0.8965 -0.3134 0.9411 0.8274 0.1143 0.9514 0.1428 1.6703 0.6792 -1.1933 1.4001 0.8780 1.0243
1.2278 0.9503 -0.1235 -0.9302 1.1528 0.4256 0.4256 0.7949 -0.8703 0.2891 0.4472 -1.6142 -0.1222 -0.8733 -1.4601 0.5140 0.1546 -0.7094 0.0441 -0.3281 -0.2542 -1.5083 -0.8675 -1.0443 0.6996 -0.9865 1.3949 0.3410 -1.1433 0.9528 -0.2123 0.0221 -0.6363 -1.0240 0.3270 2.6068 -0.2210 0.9462 0.2617 -0.3648 -0.4349 0.2197 0.6812 0.7509 -1.3866 0.6462 0.8046 -0.3982 -0.5923 0.2899 0.9829 -0.0436 -0.5294 0.1002 1.7891 -0.8769 0.2751 1.2041 -1.0236 1.8674 -0.9319 0.3313 -0.1314 -0.1362 0.6736 -0.8112 0.8764 1.3696 0.1414 -0.9269 1.4622 1.8717 1.9947 0.3386 0.6143 -0.5285 -0.8195 0.2666 0.0917 -0.1844 -0.6524 -1.0236 -1.2308 -1.8948 -0.0877 -1.4731 -0.4787 0.0732
-0.2003 -0.8887 0.1644 -0.2149 0.6190 0.9651 0.6701 1.1464 0.3700 -0.4843 1.0173 0.7929 -0.9044 -0.4078 0.5338 -2.1488 1.6880 -1.9354 2.4284 -0.2561 0.5842 0.5442 -1.4282 0.3073 0.3740 -1.1956 1.7228 0.6094 0.6373 -0.4217 -0.4820 -0.4291 1.2216 -1.5073 -0.2190 1.0259 0.5838 0.0511 -0.9624 0.1870 -1.6630 -0.0696 0.8422 -0.2538 -0.0838 -1.2063 -0.8892 -0.0164 1.0346 0.3429 0.4240 -2.6847 -0.4975 2.4274 0.6249 0.3668 -0.0077 0.2381 -0.5943 1.1916 2.4151 -0.4140 0.0337 0.8268 -0.3208 -1.3690 1.1717 -0.9720 0.1923 0.6437 1.1299 -0.7043 -0.0071 0.2200 -0.3447 0.5853 -0.3538 0.4638 -2.3218 0.1286 -0.5585 -0.6976 0.7116 -1.2415 -0.3053 -0.1467 2.4553 0.1031
-1.5046 -1.6803 -0.3694 1.7754 0.6931 0.7414 1.0557 0.0685 1.5910 0.0681 0.3385 0.5887 -0.9265 3.1058 -0.2164 0.5198 -0.1195 -0.7811 -1.0745 -0.2416 1.1395 0.3217 -1.3855 -1.3711 0.2278 1.0049 1.2427 0.2284 2.1953 0.1924 0.9941 0.3021 0.2187 0.8129 1.0068 0.9283 -1.2375 0.7899 0.4053 -1.8115 0.4288 0.9828 0.3409 0.0648 -0.9284 -0.6596 0.6465 0.9201 0.8456 1.4124 1.2956 -0.2415 -1.3771 0.6591 -0.1868 0.0081 -0.2084 -0.2604 -0.9492 0.4271 -0.0006 0.0823 -0.3814 -0.7453 -1.3619 1.2834 0.7251 -0.4980 -0.1538 0.1766 1.3184 0.5307 0.2967 -0.2211 -0.1286 -0.6420 -0.0921 0.6089 -1.2921 1.3959 -0.2229 -1.2131 0.6260 1.2082 -0.1080 -0.2030 -1.4073 1.3870
-0.2999 -1.3826 0.0474 -1.2130 -1.2732 -0.9393 1.3618 -0.8669 -0.4124 -1.2278 -0.3110 1.2153 0.3631 -0.1322 -1.3084 0.6020 -0.7827 -0.8891 -0.6433 -0.4937 0.7498 0.9647 0.3163 0.1102 -0.5511 -0.6703 -0.7368 -0.7043 0.8861 0.4132 -0.1165 0.2704 0.7834 -1.3651 -0.2458 -0.8039 0.0338 -0.5847 -0.5059 0.9798 1.4768 -1.5061 0.5922 -0.2995 0.8138 -0.0580 -1.2490 -1.2229 0.1716 0.7152 0.1308 1.5256 0.7181 0.1727 -1.0421 -1.6624 -0.6229 0.5239 1.4911 -0.8928 0.1917 -0.5805 -1.0665 -1.6688 0.9713 0.4052 0.3402 2.7845 0.5837 0.0912 -0.0234 -1.4522 -2.0508 -0.2723 -0.2161 0.7259 0.4870 1.0090 -0.6871 0.2548 0.3027 0.5224 -0.3076 0.0452 1.2823 -1.4487 -1.4524 0.5198
1.0726 0.6406 0.2455 -0.1799 1.2117 -1.6110 0.8745 0.6672 -0.8008 0.3729 -0.0409 -0.6377 -0.6858 0.4986 1.5730 -0.3050 0.9421 -1.6667 -0.7237 0.2139 -1.0961 -0.1142 0.4361 -0.8340 0.2836 0.5890 -1.5220 0.3454 1.4561 1.4907 -0.2807 -0.0433 -0.7720 0.1291 -2.3771 -0.9739 -0.6104 0.1112 -0.5704 0.4962 1.3717 0.5650 -1.0268 -0.0305 0.5052 -0.4214 0.7303 -0.8356 -0.7252 0.7579 -0.2832 -0.1219 -0.2336 0.7075 -1.2271 0.5492 -1.6938 -1.8750 0.1968 0.1352 -0.3694 0.7885 1.3168 -0.3806 -0.6278 0.6715 2.4185 1.9923 0.2724 -1.8744 1.6586 -0.6129 0.3858 -0.6160 1.0525 1.2207 1.3307 0.4310 0.9879 1.4691 0.3838 -0.6487 -1.5744 -1.0522 0.2260 2.3351 -0.8000 0.7096
2.2267 0.3243 -0.7874 -0.8528 0.0751 -0.2878 0.6389 -0.4617 1.3798 -0.8009 -0.0719 0.5013 0.0415 -0.5554 -0.2966 0.7554 -0.6608 0.5371 0.9217 -0.1565 -2.2120 0.7230 -0.8780 0.0547 -0.5026 -1.4485 -0.8167 -0.8405 -1.1118 -0.3780 1.0358 -0.1179 -0.9832 0.3495 0.3163 1.4860 1.9504 -1.6594 1.0548 -1.2405 -1.5251 2.6215 -0.0301 -0.5911 -0.2580 0.2770 0.3066 -0.1024 1.5329 -0.2670 -0.5547 -0.4792 -0.1136 0.9956 1.4271 1.3971 0.1907 -0.1549 0.2722 -0.0156 0.3317 1.0532 0.8967 0.5470 -0.8997 0.3813 -0.3292 -1.8277 -0.6366 -0.5249 -0.5708 0.6625 0.4046 -1.0517 1.3742 -0.4591 -0.0445 0.2594 -0.3079 0.9608 -0.4430 -0.0423 1.3343 -1.5505 1.0266 -2.1694 -1.4918 0.8282
-1.1375 -0.0559 -0.4109 1.2728 -1.1960 1.0446 -0.9708 1.7926 0.7490 0.2526 1.0063 -0.0231 -0.5330 0.1748 0.1344 0.0468 -0.1737 -0.6526 -0.6950 -2.4803 0.3791 -2.1581 -0.6235 2.1115 0.4224 0.1907 -0.3371 0.7176 0.6861 0.7219 -0.7792 2.2831 0.8819 0.9541 0.1862 0.1784 0.1936 -0.6984 -0.1653 0.3376 0.1370 -0.0273 -0.5181 -0.2997 2.8004 0.7401 0.1826 -0.9677 -1.3015 -0.5124 -1.7309 -0.0741 0.7615 -1.2673 0.9488 -0.2569 -0.1168 1.9739 -1.6991 0.8361 0.3001 -0.7746 -0.6430 2.4709 -0.2035 -0.7596 -0.2750 -0.5370 -0.5998 -1.4174 0.2444 0.5905 1.9159 -0.2127 -0.3458 0.1461 -0.2961 0.7850 0.1288 0.5851 -1.1993 -0.3664 0.5557 -1.8146 1.1385 -0.9386 -0.7333 0.5762
1.6826 0.9236 0.4435 0.4267 -1.0104 -0.9966 -1.6010 0.4346 -0.9356 -0.9230 -1.2527 -2.1532 0.2344 -1.0647 0.0238 -0.0381 -1.1658 0.1066 0.4539 0.9670 -0.5508 1.6015 0.1860 0.5767 -0.0940 -0.6074 -0.9482 -0.4183 -0.8578 1.7046 1.0738 0.0551 0.0254 0.2450 -1.4395 -0.9752 0.5598 -1.1191 1.9216 1.1874 -0.2039 0.1236 1.5625 -0.3519 0.8154 1.7495 -0.7176 0.2597 0.4142 0.5708 0.0210 1.0080 0.8164 0.2279 -1.0623 -0.6409 -0.2499 -0.9016 1.0763 0.6004 -2.2265 -0.1458 -0.0320 0.5044 2.2403 1.5296 0.9990 0.3232 1.5625 0.6728 -0.6550 0.5068 -0.2551 2.0432 0.6406 -0.5504 -0.4956 -0.5027 1.5558 0.2232 0.6542 0.4015 -1.4529 0.7861 -1.7053 0.3049 -0.5362 0.7082
0.1739 0.7371 -0.1065 0.1823 0.5563 -0.2735 0.2322 0.1426 1.3571 0.2472 -0.3870 -0.2931 0.2035 0.4944 0.1272 0.9564 0.6889 0.1572 1.1079 -0.1519 0.3995 0.7881 0.3446 1.2157 -1.6993 -1.6039 -1.0265 1.4245 -0.6941 1.2539 1.9499 0.1072 0.0804 0.5024 -0.9563 -0.4879 -0.5350 0.8693 1.0430 -0.1288 -1.7859 1.4117 -0.1615 -1.3718 -0.1449 -1.4668 -1.5638 0.8370 -0.2809 0.4112 -1.4349 -0.5198 0.3213 -0.7642 2.0217 1.3771 -1.5888 0.3204 -1.0049 0.1506 -0.9147 -0.1845 -0.0303 0.0046 -0.6760 0.0816 -0.2913 -2.5305 0.8457 -0.3972 -0.0705 -0.9899 1.3351 0.0522 -0.3865 0.7297 0.4982 1.6163 -0.9275 0.5629 1.1704 -1.6316 1.8990 -1.3178 0.0499 0.3447 0.5303 0.8333
0.9899 0.6423 -0.3103 -0.8121 -1.5465 -0.2138 -0.6669 1.0689 -0.7737 -1.1621 -0.0368 0.9954 0.0063 0.1031 -0.6073 0.8156 2.2018 -1.4736 0.7692 0.1771 0.4334 0.2417 -0.8516 -0.5612 0.0635 1.5070 1.1536 -1.5868 -0.5328 1.7500 0.5921 -0.1891 -0.4516 -0.5881 -0.4355 -0.3667 -1.0411 1.1052 -0.1697 1.3547 2.0953 -0.1782 -0.2340 -0.4020 -0.6693 1.2619 2.4895 -0.4887 2.1857 1.3841 0.6361 0.1973 -0.9900 -1.4165 0.7228 -0.9057 -0.6593 1.0743 -1.1781 -0.4772 -0.8830 -0.7919 0.4024 -0.6362 1.8682 2.3110 1.5719 0.1630 -0.5210 0.4364 1.4544 1.1142 0.6577 1.7572 -0.2426 -0.7975 1.6334 1.0733 0.2147 0.2754 -1.7541 0.1048 -0.3797 -0.5533 -0.1310 -1.1284 -0.3486 0.2408
0.6381 0.3415 0.8028 -0.1350 -0.5165 0.0700 0.5523 1.2572 1.2107 1.2089 1.6698 1.0511 0.4246 -1.0639 -0.1332 -0.4641 -2.6061 1.7241 0.6936 -0.2807 -0.6227 -2.0792 -2.2505 0.1248 0.5728 -0.3664 1.0529 0.1118 -1.3233 -0.7340 1.5740 0.6123 2.5399 -0.5534 0.0616 1.4681 -1.5697 -0.8705 -0.4376 0.2532 0.9978 0.1160 -1.0119 -0.0566 1.0711 -0.5136 -0.4915 0.3844 -0.7468 1.2203 2.1069 -0.7652 1.7872 -0.5940 0.3430 0.5696 0.3521 -0.4429 0.1378 0.9289 1.1853 0.6017 -0.1813 0.8672 -0.6525 0.5283 -1.7363 -0.5281 -0.2227 2.6219 0.5460 1.4661 0.1582 -0.1174 0.0273 -0.7453 -1.0201 0.1702 -1.4262 1.1820 -0.8460 0.3268 -0.3249 1.2285 0.1937 -0.3715 0.3579 -1.0652
1.8416 -1.3098 0.4424 0.0641 -2.0743 -1.3135 -0.5561 0.5927 -0.6769 0.6636 1.7086 0.4686 1.2937 -0.1293 -1.8130 -0.4641 -0.6696 -1.4457 0.9231 1.8495 -0.5694 -0.7465 -0.1255 -0.8370 0.9897 1.1251 -2.5028 0.9985 -0.4819 0.4340 -0.0850 1.0763 -0.5418 -1.3401 1.1847 -1.4530 0.1906 0.0566 1.5204 0.2271 0.6911 -0.3772 0.3292 0.6656 -1.1301 1.9874 1.3429 1.4435 0.7213 2.4819 -1.0944 2.4086 1.0448 0.5140 -0.0903 -0.0784 0.1004 -1.1018 -0.2417 1.0590 0.7210 -1.6300 0.7690 -0.7797 1.5121 -1.0678 -1.1549 -0.7519 -0.9398 0.7494 -0.5170 0.2187 -0.4713 -0.0556 0.1491 -0.2867 -0.3262 -0.0236 0.5976 0.9472 1.1027 1.1407 0.2621 -0.2754 -0.2078 0.4082 -0.3461 0.4592
-0.2034 -0.6275 0.9348 -0.8290 0.8010 -0.6632 0.4040 -0.0506 -1.1907 -0.6216 0.3037 -1.1786 0.4636 -0.6343 -1.7211 -0.6493 -0.7003 -2.3566 1.2419 -1.0992 1.8145 0.0875 -1.1434 -2.0711 -2.1062 1.3748 -1.7059 -0.0842 0.1417 0.9619 -1.5947 0.1044 -1.0550 0.6700 1.5324 0.3523 1.1307 0.7693 2.1782 1.4575 -0.0803 1.3652 0.3733 -1.5567 0.8624 1.0427 0.6836 -0.3206 -1.5861 0.8172 -0.1835 -0.0733 1.0553 1.6062 0.0833 0.0726 0.2088 0.8578 0.5192 0.0893 1.2601 -1.2407 -0.1850 -0.9193 -1.8744 -0.8826 -0.5334 0.2336 1.5619 1.0541 2.3072 -0.5265 0.0157 -0.5780 0.3614 1.2653 0.0437 -0.3882 -0.1684 -1.2106 -1.0154 0.0389 -1.7461 0.1502 -1.0488 0.5065 -1.2325 1.3350
-0.8348 -0.0141 0.7386 0.2685 1.2589 -2.1465 0.2703 -0.0577 2.4300 1.5548 0.9961 0.5836 -1.2372 0.2448 -0.0890 0.2336 -0.3492 -0.3119 -0.4213 -0.3006 -1.2289 -0.0640 -0.4212 -0.2858 0.4041 -0.5749 0.5699 -1.4124 2.0893 -0.1655 -1.8397 -0.4976 0.7997 -0.4990 -0.1015 -1.0214 -2.4813 -0.7710 0.7953 1.4344 -1.1219 -0.4911 -1.6522 -0.7593 -0.2777 -0.1529 -0.5279 1.1794 0.4239 0.2784 -0.7321 1.1381 1.1156 0.0955 -1.0774 1.4327 0.5998 0.0948 0.4823 0.0385 -0.8248 1.2139 -0.0421 0.7616 0.7434 -1.2447 0.0517 0.6316 -0.5189 1.1712 -1.1452 0.7978 -2.3641 1.4645 -0.1055 -0.6311 -0.7903 0.0175 0.3030 2.7374 -0.1437 -0.8461 -0.6165 0.5493 -0.3508 -0.0583 0.4257 -0.1289
0.3553 0.4241 -0.5063 0.7458 -0.4003 -1.0047 0.8236 -0.1207 1.9204 -0.5368 0.0064 -0.1940 0.1135 0.1719 0.2000 0.0980 1.0305 0.0004 0.7176 0.5983 0.0606 -1.7767 1.0178 0.3798 0.8133 0.4538 0.0247 -1.6108 0.3350 -0.2944 0.8410 -1.0775 2.1222 1.1291 -1.6728 0.4670 -1.9030 -0.3173 1.1805 -0.0250 0.3521 0.5904 -0.1931 2.3457 0.3063 1.0470 -0.4099 0.6057 -1.1011 -0.4749 0.6504 -0.3184 -1.0892 1.3454 0.6084 0.2187 -0.7092 0.1767 -0.2722 1.1593 -0.3105 -0.0561 0.2629 1.3813 1.2854 0.0798 -0.2218 0.1097 -0.4213 1.8957 0.0642 0.5357 -1.5106 -2.2228 0.0633 0.4870 -0.1865 -1.2992 1.0779 -1.9422 -1.6183 -0.2879 1.0758 -0.1804 0.7555 0.2741 -0.8517 -0.7584
