24
-2.1612 -0.7042 0.6258 1.4082 0.6083 -0.0838 -0.9406 0.5549 -0.4758 -0.2982 1.8276 1.2961 -0.5399 -0.7562 -0.0639 -1.1703 -0.2795 0.7437 -0.6967 -1.1106 0.7895 0.0794 -0.2202 -0.6437
-1.3917 0.3399 -1.5059 -0.7578 2.4505 -0.3699 0.3071 1.3019 -1.0584 0.6442 0.2459 1.0627 -0.5465 -0.4929 -0.7936 -0.6197 -0.4502 2.9232 -1.2927 -1.1988 0.7540 0.4855 -0.3937 0.4930
-0.2444 -0.9447 -0.7061 -0.6354 -2.1085 0.0415 1.0636 -0.2675 -2.4526 0.1559 0.3342 -0.3755 3.9572 -1.3522 -0.0452 -0.8822 1.4582 -1.6479 1.5021 0.7586 -0.7994 0.2757 0.2288 0.6803
-0.4757 1.0122 0.4451 -0.4981 -0.4299 -2.7097 1.2184 1.0789 1.1893 -0.1341 0.6721 -0.8879 0.0442 0.1449 0.0952 0.4658 1.2509 -1.7138 2.2800 0.0103 -1.0102 -1.5095 1.6077 0.5343
0.0676 -1.2176 0.9311 -0.4523 -0.3323 0.4441 -1.3194 0.6836 -1.6121 0.6418 -0.5036 0.8193 0.4400 -0.1483 -0.6349 -0.0281 1.5338 -0.2588 -0.7432 -0.2955 0.0666 0.0427 0.3546 -0.4651
-0.9221 -1.1429 0.5000 0.4242 0.0326 0.1435 -0.0013 -0.4936 -1.6408 1.1625 0.7576 0.6796 0.8819 -1.9060 -0.8757 1.3124 0.6939 -0.8366 -0.5710 0.0251 -1.4690 0.9918 -1.2493 0.4380
1.4106 -1.0554 0.0413 -0.2929 2.2710 0.0315 -1.4319 0.8942 -0.6875 -0.3015 -1.1805 -0.2292 1.3152 0.7818 0.2128 -1.4329 -1.8827 1.8632 -0.5966 0.4104 -1.6712 1.0701 -0.5957 -0.9588
-0.2701 -0.6048 -0.4852 -0.8952 0.6451 1.6887 1.3899 -0.6156 0.2459 -1.3400 0.5084 -1.5767 -1.0062 0.0008 2.6175 0.2306 -0.2470 0.1624 0.8243 1.2060 -0.2087 -1.0495 -0.4686 2.2869
1.0182 0.1101 -0.0999 0.1755 -0.7298 0.7875 -0.4834 0.8628 -1.3999 0.8191 0.4631 -0.4245 -0.2338 1.1326 -1.0160 0.5778 1.3841 0.1108 1.0715 -0.6451 1.2163 0.8044 0.6928 0.7070
-0.1233 -1.2311 0.6111 0.8325 1.3649 -0.0528 1.1996 -0.1136 2.3549 -0.1849 0.6234 -0.0120 0.3613 -0.6559 0.2268 0.1600 0.6199 -1.0052 -0.2110 0.6012 -0.2696 0.5090 1.0538 1.6010
2.1456 -1.8204 0.7248 -1.5102 -1.1221 0.4195 1.1550 0.2453 -0.2887 -0.3953 -0.7452 -0.2032 0.4306 -1.0167 1.6368 -0.5800 0.0950 -1.4242 -0.8900 0.5862 0.4146 2.1713 -0.4848 -0.0019
0.7570 1.1305 -0.1653 -0.0110 -0.3804 0.3211 -1.6747 2.5172 -0.4489 0.3492 -1.0218 0.7535 -0.7311 1.1982 0.7615 -1.3896 0.7398 1.8127 0.6248 -1.8709 0.7625 1.2079 0.2121 0.7699
-0.8192 1.5188 1.0129 -0.7436 0.2512 -0.6230 0.4657 -0.4914 1.7585 -0.8784 -0.8667 -0.5260 -1.4277 1.9399 -0.4974 1.0309 -1.8045 0.0028 0.7831 0.3670 0.9463 0.2905 -0.8349 -0.4996
-1.1345 -0.4565 0.2883 -0.1951 0.0085 -0.6141 1.6992 1.1214 0.2585 0.3813 -0.7998 0.1699 0.0329 -0.8579 -0.1959 0.0678 -0.4341 0.5634 -0.2832 -0.7011 0.8560 -0.5709 0.0720 -1.3689
-0.1020 1.5120 -0.4533 0.6564 0.4375 0.2515 -0.3281 0.8000 0.6860 1.1386 -0.5235 -0.9026 -1.3395 1.2627 0.0963 0.8233 -0.5079 -0.8813 0.3390 -1.9629 0.7077 -1.0230 -1.0735 1.0188
-0.6038 -1.0590 0.7492 1.6013 -1.9647 0.5655 -0.4436 -0.9660 -1.6334 -0.1074 -0.9217 0.3278 1.6475 -0.8587 0.7231 -0.5378 -0.0605 1.9404 -1.2603 1.2437 0.4011 0.2207 -2.2261 0.1561
0.6829 -0.5831 2.3218 1.0949 -1.3176 1.2062 -0.3972 -0.2884 -1.2077 -0.8904 0.6684 0.3257 0.9347 0.3921 -1.0263 -1.0730 1.6000 1.8802 0.0553 0.6939 0.3554 1.0038 -1.8628 -0.3206
-0.7208 1.1984 1.0303 -0.7218 -0.0113 0.3467 -0.6430 0.9105 0.2201 -0.5032 -0.2096 -1.7771 0.3327 0.1202 0.5426 -0.2761 2.0843 1.2371 -0.8929 0.2247 0.2909 2.0313 -1.0408 0.7714
0.0347 0.1614 -3.3554 -0.2846 -1.4065 1.8691 0.2947 -0.5175 0.9458 0.8129 0.1713 -0.6242 0.8737 2.0435 0.6477 0.2814 -0.0877 0.6077 -2.5345 0.3018 0.6836 1.6268 -1.2397 -2.4509
0.6770 -0.2247 0.6502 1.1845 0.1095 0.2710 -0.9037 -0.4434 -1.2943 -0.7353 -1.9346 -0.1930 -2.3608 -0.3018 -0.2587 0.4872 0.5548 2.4071 -0.5451 -0.9025 0.0095 -0.7050 1.0524 0.6097
0.1495 0.1848 -0.1386 0.5902 0.3857 -0.8263 -0.2503 -0.7544 -1.1037 -1.0898 -0.5958 0.9994 0.9475 1.3377 0.7772 -0.2530 -0.8595 -0.6813 -0.6756 -0.3833 -0.3436 1.4178 0.8784 -1.1863
1.8023 -1.0142 0.2716 0.2746 -0.3123 -1.5218 -1.7997 0.7991 0.0732 0.6916 -0.1743 -1.1562 0.5828 -0.7032 0.9003 0.7971 0.6150 0.1000 -0.1442 0.6909 -0.2371 -0.7857 -0.4211 -0.5281
-0.0147 0.5723 1.5559 -0.1833 0.1081 1.1271 -1.3356 0.9844 -0.5294 -0.2028 -1.8764 0.8314 -1.1539 1.0523 0.7721 0.1177 0.7078 0.4973 0.2946 0.6409 -0.4280 -0.8350 -0.0709 -0.2276
-1.6294 -1.5207 -0.1497 -1.2369 -0.4642 0.0177 -0.2510 0.1340 -1.3096 0.4066 -2.0127 -1.4410 -0.4701 -1.6422 0.0954 1.3710 -0.2634 0.1794 1.4193 1.1933 -0.4965 1.4370 -0.0949 0.2512
