16
-2.2838 -0.3890 -0.7383 -1.3299 -1.0754 0.8786 2.1008 1.1508 1.2095 -0.1015 0.4769 0.2689 0.1983 0.1912 -0.3101 -0.5675
-0.1036 -1.0419 -0.7681 0.8527 0.7816 0.9848 0.2497 0.4867 1.2888 0.7192 -1.9887 1.4881 -0.5671 -1.1377 1.6084 -1.4890
0.2376 0.1922 0.7415 0.2717 -1.5254 0.6360 1.1693 3.0256 -0.5046 -0.0133 1.0358 0.4146 -1.9427 0.5488 -0.0865 -0.8019
-2.0449 0.0645 1.0859 -0.2374 0.8514 -0.6990 -0.2567 1.6868 -1.0875 0.8622 0.4192 2.0138 -0.8974 -0.8729 0.8442 -0.1439
-1.1417 -0.0369 0.4300 0.4661 1.5399 1.0754 -0.9242 -0.4288 -0.9714 0.3856 -1.9234 1.5634 -1.1826 0.2901 -0.9404 0.1373
0.5534 1.6163 1.2380 -1.2318 -1.0965 -0.1246 0.1893 -0.2763 1.3872 0.3293 -0.0351 -0.1612 1.3817 -0.0527 -0.7593 -0.1526
0.1342 1.5322 0.8143 -0.1622 0.2212 1.9994 0.1336 -1.1374 -0.4974 1.2940 0.2790 -2.6134 1.2385 -1.9359 0.5652 0.5554
-0.0315 -0.3594 -0.8881 -0.9107 -0.5687 1.0198 0.2680 0.1644 0.0899 1.2894 -0.2184 -0.8957 0.4622 -1.0005 -1.7911 0.1919
-0.4003 -1.3961 0.9121 0.3234 -0.4778 1.1683 -0.2340 0.4221 1.6046 1.4968 0.0433 0.1485 1.8153 0.3925 -0.3676 0.0232
1.5525 -0.6985 -0.5799 -0.7076 0.3061 -0.2217 -2.4356 -1.5030 0.6616 -0.4783 -0.4035 -0.7636 1.3104 0.9594 2.4439 -0.8656
-0.1836 1.5795 0.9921 -1.0698 0.3049 -0.0055 -0.4723 -0.9839 0.7356 -0.2713 1.1952 0.4218 0.3807 0.8381 2.4248 0.3999
0.2222 -0.7046 0.6517 1.1986 1.5649 1.9312 -0.5704 -0.9395 0.0482 -0.6557 0.3576 0.4295 -0.2313 -0.5566 -1.3856 0.8043
-0.5494 -0.9740 0.9181 0.2299 -0.3495 -1.5840 -0.2716 0.3033 -0.1994 -1.1852 0.0940 0.7173 2.3416 -1.8572 0.5418 0.6702
0.1073 -0.2916 0.6339 0.3811 -0.2257 0.1563 -0.6503 2.2691 -0.4777 0.4588 -1.0461 -0.0632 -0.3621 0.7035 -0.3749 -0.0578
1.4210 -0.3276 -0.6888 -1.1996 0.8197 1.0195 0.5884 -0.6659 0.9199 -0.0101 0.9573 -0.6944 -0.5673 1.7805 -1.1864 -0.9166
0.8474 -0.9326 0.5348 0.7805 1.3913 0.1488 2.2181 0.4476 1.7055 -1.2969 -0.2300 0.2290 0.9303 0.4664 0.4535 -0.7569
