26
0.7194 0.6337 -1.0989 1.5960 -0.3442 0.1334 0.4618 0.0289 0.1766 2.0252 -0.0800 0.9910 -0.3951 0.4242 0.8558 -0.2145 -0.7935 0.6928 -0.7764 0.5128 -1.3162 0.7046 0.3891 0.8836 0.1902 -0.3304
-0.7657 -0.1962 -1.2880 -1.1967 0.3944 1.6216 -0.6538 0.5993 -0.9651 0.2578 0.8722 1.9282 0.1288 -1.4095 -0.0214 0.1147 -1.2085 0.7177 -0.2629 0.5071 -0.7051 -2.0321 -0.3082 -0.5946 0.6556 0.4736
-0.0099 -1.6717 -0.9729 1.1959 -0.6522 0.2967 0.4088 0.8951 -1.7661 3.1796 0.0967 0.6425 -0.6293 0.1851 -1.6814 -1.5912 0.3202 -0.2962 -0.0622 -0.7921 -0.2821 -0.3905 -1.4299 1.5589 -0.4935 0.7957
0.1376 -1.4409 1.5304 1.4136 -0.0808 0.3653 -1.4043 1.3478 -0.0483 0.8394 0.3983 0.8299 -0.4839 0.3623 -1.1369 0.3645 -0.2927 -1.3993 1.1872 -0.0527 1.3475 -0.1099 -1.1417 -0.7308 -1.8784 0.4436
-1.7472 -0.9873 1.1842 1.3484 -0.2308 -1.1717 0.7241 0.2691 -0.6291 -0.0006 0.3155 -0.0983 0.8233 1.2048 -0.5536 0.5255 -1.8050 0.1189 0.9053 -1.1855 -1.0558 -0.2583 -0.9033 -0.0514 -1.0320 -0.7226
0.8408 -0.7897 -0.2740 -1.5720 -0.9935 1.0912 -0.4931 -1.3944 2.0257 -0.1327 -0.4867 0.6805 0.0031 -0.7432 1.0025 -0.3179 1.4156 -1.9384 -1.6670 -1.4500 -0.9969 0.4727 -1.0825 -1.1142 -1.8169 1.1058
0.0479 -1.1131 -1.1048 -0.5119 -0.5433 -0.4608 0.7754 1.2553 -0.0349 -0.8428 -1.1008 -0.9051 0.3460 0.0643 0.8732 0.8861 -1.6293 0.6133 -0.4425 1.4286 0.2669 -1.9293 1.0225 -0.9527 -1.4420 1.9802
-1.2154 0.2978 0.7145 0.3691 -0.4456 -1.4530 1.9908 0.0543 1.7647 0.2851 0.1009 1.2375 -0.1814 -0.4270 0.6037 -1.2306 0.4562 1.5624 0.4222 0.7540 -0.1706 0.0663 -1.1423 0.4023 0.6962 -0.3729
-1.8140 0.2218 0.6872 -1.0156 -1.2554 -0.4323 0.1732 0.8059 0.5838 -0.8022 -1.7869 0.3153 -1.8814 -0.0171 -0.0040 0.6409 1.2284 -0.5591 -2.0123 0.9214 0.3781 0.5029 -1.7068 1.0324 -0.8406 0.1217
-1.6979 -1.6127 -0.7778 -2.4700 0.3463 1.3686 0.5033 0.9624 -0.3398 1.3218 -0.8346 -1.6307 0.4678 -0.4188 -0.0587 -0.1265 0.0641 0.1420 -0.0011 -0.6650 -2.0754 -1.1376 1.1149 0.8424 0.4365 -0.5314
-0.0038 0.5000 -0.4124 1.1530 0.4249 1.0358 0.4949 -0.0018 -0.4136 0.0976 0.5890 0.0621 1.2756 -0.7383 -0.8995 0.1487 -0.8036 -0.3506 -1.0163 1.2308 -0.5127 -0.1189 -0.3126 0.5632 1.3172 0.1768
-0.4777 -0.2482 1.6329 0.1407 -1.5618 0.8114 0.0935 1.0100 0.1822 -0.3488 2.0660 -0.7082 -0.1935 1.5464 -0.0842 0.0144 0.5749 1.4982 0.1682 1.5351 0.5610 -1.2423 0.6515 -0.0204 1.8117 0.5520
0.1545 1.0118 2.5117 0.7929 -0.8466 -1.6344 1.4030 -0.7923 -0.7741 0.2924 0.7160 0.2861 -0.4116 -0.6253 1.5568 -0.4102 -1.4495 0.4718 -0.2815 0.3414 -0.3786 0.3603 -2.6211 1.6287 -2.3585 0.6285
-0.0456 -1.9296 -1.0256 1.1862 -2.6366 -0.6563 0.4485 -1.1309 -1.1920 -0.1042 1.4170 -1.2220 -1.2600 -0.0116 -0.0718 0.8010 0.2022 -0.8223 0.2482 1.9506 0.2857 -0.5926 -0.3218 -0.3537 1.4727 0.2743
0.9377 -1.2159 -0.2933 0.8448 -1.3092 0.5443 -0.9756 0.6482 0.4548 0.7683 0.9706 0.8157 -1.7698 1.2789 -1.3717 0.1425 0.2374 -0.5931 -0.1032 2.3818 -0.4186 -0.5491 -0.9766 -1.3948 -0.2753 -0.8157
-0.8329 -0.5781 -0.1024 -0.7529 0.3755 -0.4415 0.2431 -1.0001 -0.7160 -1.4601 0.6581 -0.3433 -0.0114 -0.0092 0.3543 0.2313 0.2699 0.0066 -0.3348 0.8300 -0.6655 1.6485 -0.8295 1.2748 -1.3060 0.3628
-1.5393 -2.3712 0.2346 -0.0438 0.0333 1.4898 1.0174 0.0002 1.5889 0.5320 -0.9596 0.7122 -0.2882 0.0720 1.6541 -1.6642 0.2025 0.7426 -0.9732 -0.1898 2.3787 -0.2608 0.1346 0.2391 -0.4046 0.1046
-0.1226 -0.6514 1.2166 1.5215 -0.0780 2.2482 1.2384 0.4954 1.3260 -0.5767 1.0003 -0.3980 0.9735 0.1881 -0.8890 -0.4532 0.2227 -1.7104 0.0859 -0.7989 0.3796 1.3370 -1.9387 0.7809 -2.1782 1.0162
1.4531 -0.9347 1.3769 -0.0025 1.7189 0.8706 0.4114 -0.5696 -0.2709 0.3920 -0.4571 0.2500 -1.9450 -0.8996 -0.1857 1.0613 0.9730 0.1421 2.0983 -1.0298 -0.8952 -0.2879 0.3779 -0.8920 -2.0171 0.7434
-1.5190 -0.9404 -3.0363 -0.3608 0.4990 -1.5334 0.1147 -1.6401 1.6416 1.4666 1.6375 -1.5155 -0.1388 0.4507 0.0029 1.0166 -0.2890 -0.1017 -0.5577 0.0095 0.1338 -0.6381 1.0257 0.1302 0.9291 -0.0665
-0.6594 -0.1980 0.6355 -0.3464 0.7660 1.1300 -0.3114 1.0702 -0.2244 -1.3251 -0.6377 0.0921 0.5611 0.7720 0.0474 1.4882 0.5493 -0.1230 0.6721 0.7926 -0.9708 0.3910 -0.1927 0.1432 -0.3428 0.9126
-0.1725 0.3579 -0.4323 -0.3488 -0.2504 -0.4377 0.6019 1.3004 -0.0565 -0.8499 -0.1524 0.7115 0.7694 0.1786 1.7482 -0.3800 -0.0555 0.5322 1.3326 1.1755 -0.4383 1.3930 1.3611 0.2756 0.0771 -0.0315
-0.8822 -0.8601 -1.8792 0.2018 2.9299 0.5728 -1.0172 -0.2866 1.5998 1.1607 -1.6627 -0.1900 -1.0673 0.8613 0.9219 -0.4396 -1.2346 -1.3831 0.4374 0.2875 0.4628 1.7487 0.0865 0.2282 -0.8881 0.0508
0.5862 0.1944 -0.7107 -1.2157 1.0620 1.0068 -1.0071 -0.1386 0.7518 -2.9371 0.1767 -0.5189 -0.2169 0.9630 0.4529 -0.5755 -1.4874 -0.3857 0.0507 -1.1637 0.0255 0.9865 0.9089 -0.7904 0.7504 0.2379
-0.3160 0.9015 -0.4108 -1.0169 0.8776 0.6324 0.1061 0.6426 0.2772 0.9564 0.6569 0.6032 -1.0251 1.1006 0.1459 -0.3406 0.7203 0.2126 -0.5165 -0.5617 -0.5023 -0.1354 -1.3522 0.0054 1.1627 0.3488
1.0478 -0.2064 -1.0169 -2.0772 -0.4191 0.2026 0.1279 -1.7113 -1.4358 0.7084 -1.0682 0.8069 0.8107 -0.0110 -0.5327 0.6959 -1.4627 0.0474 0.0221 0.1101 0.4797 0.3820 1.8643 0.4699 -0.0385 -1.0383
