27
-0.3236 0.7055 -0.9884 -0.8882 -1.2695 0.9695 1.4205 -0.4587 1.5500 -0.9452 -0.4422 -1.8563 -0.3851 1.2062 -0.1328 2.3369 1.4529 0.1054 0.0458 0.5349 1.0408 -1.1176 0.5385 -1.6647 -0.1107 -1.8491 -1.1884
-0.9942 0.6564 -0.8813 0.9629 0.0294 -0.6301 -0.2449 -1.5959 -0.3077 0.8715 0.3488 -1.1415 0.4426 0.6390 0.8304 -0.5581 -1.5607 1.2994 -1.2089 0.5409 -0.3709 1.6341 -0.0774 0.3359 -0.6683 0.4625 -0.8182
-1.3929 -0.7437 -1.6867 0.2773 -0.3474 -1.1400 -0.3403 0.0040 -2.6439 -1.4176 -1.2457 -0.2958 -0.6679 0.3144 -0.9122 -0.7805 -0.4495 -0.1937 -0.2045 -0.1233 0.4543 1.3569 -0.2757 0.1795 0.1065 2.3935 -0.2696
0.9225 0.6556 -0.0709 -0.3439 -0.5920 -2.1338 -1.0764 1.3924 0.0413 3.0416 1.0140 -1.1405 -0.8464 0.6631 -0.5229 -0.2939 0.1589 0.1501 0.9238 0.2319 -0.1962 -0.4927 0.4231 1.3606 -0.2517 0.4345 0.1379
0.7026 -0.7215 0.2883 0.7286 -0.7113 -1.6460 0.4049 1.4979 -1.4193 1.9888 -0.6491 -1.4711 0.5903 0.2463 -0.6822 0.3395 -1.3024 -0.7942 -0.6320 0.8285 1.9991 -1.3380 -0.0171 0.0287 -0.2834 0.0367 -0.4576
0.1142 -1.4440 -0.6734 1.2194 -0.8983 0.7383 1.0352 0.9587 -0.2206 0.4312 0.5931 1.1261 -0.9901 -0.6385 0.4102 1.2473 -1.6082 0.9566 -1.2092 -1.1048 -1.1248 -0.8803 0.8260 -0.3239 -1.4392 0.4238 0.7584
0.0936 0.6997 0.5800 -1.6175 0.4204 -2.3496 -0.7467 -0.5209 -1.4961 2.8119 -0.2551 -0.3178 0.4932 0.4118 -0.0527 0.5002 -1.9396 -0.1900 -0.4364 0.6253 0.7118 -0.9265 0.7391 0.0586 -0.7474 1.1247 -1.0776
-0.4595 0.7010 1.4082 -1.4739 -0.7543 0.1566 0.7301 -0.0011 -0.1259 -0.4524 0.1385 -0.1088 0.9060 2.0139 -2.4066 -0.4532 -0.3479 -0.4824 0.2736 -1.3568 -1.7895 -0.0545 -1.6391 0.1029 0.6032 -0.1411 -2.2816
-0.4627 0.5842 1.0123 -1.3754 0.3526 -0.8677 1.9923 -1.2378 1.2448 0.3299 1.1663 -0.8615 0.2869 -0.4259 0.8281 0.3006 -0.3151 0.4213 -0.9719 -0.0414 -0.5025 -0.7599 0.3454 -0.7640 -1.2374 0.1545 -1.0134
0.1191 -0.7411 -0.1873 0.6300 2.2007 1.4290 1.7895 -0.7845 -0.2938 0.4929 0.4129 -0.9342 -1.0737 -1.5742 -1.0663 -0.4684 -0.3978 0.1361 -1.1535 0.1910 1.8524 -2.0759 -0.1375 0.0323 -1.1917 0.0648 0.5454
0.5637 1.0023 0.7017 0.6619 1.5506 1.9828 0.7820 0.8221 0.5201 -1.8169 -0.0163 -0.2299 0.3832 -0.9874 0.0660 0.9113 -1.0097 0.3224 -1.6769 -0.7483 -1.5696 0.7525 0.6215 -1.6505 -0.0846 -0.3210 -0.6021
0.4718 0.7159 0.4214 -1.4266 0.6325 -0.3177 0.5579 0.1698 0.4151 0.4307 0.3175 0.1574 0.2593 -2.9546 -1.3753 -0.3056 0.0345 1.5548 0.0783 -0.3821 0.2411 0.3252 -1.1917 -0.7704 -1.0746 1.7774 0.3141
0.8590 -0.2207 0.0496 0.1069 0.1610 0.8844 -0.0616 -3.4324 -1.5877 -0.3997 -2.8447 0.6764 0.2685 0.5951 0.2576 0.1649 -0.3428 -0.7374 -0.3402 1.6161 1.1278 1.1488 -0.4047 1.3873 -0.4924 0.9252 -0.5801
-0.9349 -0.0759 -1.7436 0.2228 0.3483 0.4271 0.1912 -0.9277 0.0417 1.1305 -0.2147 -0.1767 0.4829 -0.5482 0.3754 -0.9174 -0.1937 0.2116 0.9105 -0.9021 -1.8476 -0.5106 -0.9422 0.9080 0.3837 1.6528 0.9367
-1.2818 0.9161 -0.3713 2.3424 -0.1754 0.1474 -0.7008 -1.6374 1.6734 0.1198 -2.1346 0.5142 -1.3043 -1.6744 1.1034 -0.3038 -0.1454 1.0210 0.0197 -1.0364 0.8216 -0.6533 0.6563 1.4522 -0.1669 0.2645 -0.1646
0.0878 0.3180 0.8355 -2.1044 0.9071 0.6464 -0.7117 0.0703 0.8807 -2.3848 -0.5960 -1.2280 2.7045 -0.1127 1.7610 -0.9554 -1.0897 -0.0843 0.1917 0.5787 -0.5220 -0.4785 1.4601 -0.4794 1.1567 0.7683 0.0352
-0.2678 0.6755 1.3700 -1.1735 0.2629 0.3265 0.6011 0.1539 -1.0681 0.0685 0.9041 -1.2313 -0.7695 1.6916 -2.1795 -0.8580 0.2398 0.1649 0.4482 -0.9914 -1.3611 -1.1720 -1.6913 -1.4534 -1.2717 -0.8873 -0.4440
0.3893 1.3330 0.5371 0.3636 -1.2159 -0.0807 0.4995 -1.1675 0.6103 0.7955 -0.5062 -0.5471 0.8006 -0.1186 0.3697 0.3542 0.9536 -0.3189 0.0309 -0.3182 -0.9996 2.1192 1.8954 -1.3008 1.4099 0.0798 0.3632
2.4887 -0.2725 -0.1492 -0.0237 0.0282 0.9241 -0.4880 -0.9832 -0.4047 -0.5072 -0.0781 -0.8277 0.3060 -1.6352 0.0821 -1.1244 0.4885 -0.5938 -0.7265 0.4480 2.3954 0.9769 -0.7041 -0.1338 0.5564 -0.1685 0.7454
0.7315 -0.9403 0.5630 0.1347 0.5763 -0.1884 -0.7586 0.7135 1.6469 -0.4892 -0.8261 0.8166 0.4337 0.1683 -1.8047 -0.5827 0.6805 0.3009 -1.5446 -0.9756 -0.0580 -1.6713 -0.4285 -0.3870 0.0709 1.7216 -0.3517
2.0440 -1.4656 -0.9884 -0.5789 -0.6995 0.1361 -0.7999 0.0636 -2.2996 -0.3517 2.0622 -0.8745 1.1614 -1.3259 -0.1471 -0.0579 0.4736 -0.6712 -0.4069 -0.6498 1.0966 -0.2251 0.1889 -1.0970 0.1207 0.4841 -0.8033
1.6382 0.8582 -1.0993 0.8962 -1.5404 1.8141 -0.1994 0.0607 0.1542 0.8931 -1.7013 -0.7467 -2.9301 -0.3521 -0.9686 -1.1238 -2.1740 -0.5582 -0.7144 0.4082 -0.0454 -1.1617 0.5009 -0.8839 -1.5172 -0.7597 -0.0818
-1.5494 -0.5629 0.2688 -0.8466 -1.0507 -1.2189 -0.3664 1.1930 0.9544 0.7589 -0.3614 0.0149 1.1520 0.0589 1.6525 0.5622 -1.0945 1.6341 1.9224 0.0701 0.4720 -1.4803 1.4089 0.3420 -0.1117 -0.6459 -1.0520
0.5624 -0.9687 -0.6601 -1.0354 0.0540 1.1777 -0.0157 -0.4255 0.0353 0.7317 -0.0367 0.7246 1.5009 -1.2225 0.0585 -1.1831 -0.1879 -0.0660 -0.6519 -0.3432 0.3626 -1.2070 -0.1925 -1.5008 0.3317 1.5598 -0.7641
-0.6492 0.1311 1.0126 -0.3474 0.3727 -1.3849 1.2952 -1.6693 -0.1467 1.1013 -0.1307 1.8793 -0.1584 0.0035 0.5917 0.4267 -0.5147 -1.9930 -0.3572 0.0241 1.4800 -0.5412 -0.6441 0.7639 0.7472 -1.2436 0.4477
-2.1523 -0.7040 1.5225 -0.4529 -1.1352 -0.2386 -0.3846 -1.4841 -0.4926 0.3853 -0.4178 -0.6629 -0.3178 0.1822 1.5216 0.3898 0.0293 0.0631 1.3039 0.5988 -0.8737 -1.8555 -0.2146 1.8074 -1.3071 0.5637 0.2920
-2.1096 0.0410 0.3561 0.6794 0.3950 -1.0594 1.3329 -1.8165 -1.8336 -1.1520 -0.2906 1.2055 -0.3682 1.0027 -1.6353 -0.5528 -0.2306 -0.7773 -1.5588 -1.0036 0.3093 -1.9314 1.2881 -1.3152 -0.7947 0.4419 0.3499
