81
0.5905 -0.0290 2.4145 0.1569 0.2456 0.2061 0.4422 -0.7789 -1.0243 -1.6292 -0.6068 -1.1361 1.5436 -0.7470 0.2516 -0.7572 1.4917 -0.3983 0.7619 -0.4253 1.4526 -0.3646 -0.0330 -1.3668 -0.6951 -0.1943 -0.2920 0.2801 -1.1662 0.1506 0.3631 -0.2411 0.8488 -0.4728 0.3877 -0.2300 -0.6388 -0.9840 1.5713 0.4062 -2.1912 -0.5700 -2.0049 1.1528 -0.3182 -1.2736 0.0242 -1.7310 -0.6558 0.5792 0.5105 0.2321 0.0325 -1.4039 -1.1066 -1.7013 0.7128 0.1450 0.2546 1.5373 0.7764 -1.2637 0.8224 1.5777 0.2654 -0.8165 0.9704 -0.5890 -1.0267 -1.0781 0.3742 1.6428 0.4068 0.5144 -1.5876 0.3090 0.1169 -0.9683 1.0599 1.6144 -0.7117
0.3712 -1.1602 -2.0228 0.2561 -0.2440 0.8600 0.8517 -1.8506 -1.5230 1.0657 0.3936 -0.2820 -1.1888 0.4691 -0.5442 -0.0967 0.3088 -1.1846 2.7297 -0.7829 0.1564 0.2798 -2.4031 0.5372 0.9066 0.1515 -0.3368 1.3689 -0.4311 2.5549 0.6085 -0.0249 -0.4954 -1.5676 1.8119 1.1753 -1.4527 -1.6380 0.2437 1.0452 -1.2189 0.6494 -1.0589 0.5584 0.2336 0.8708 1.8188 0.0730 -0.7421 -2.1307 0.4670 -1.8469 1.7843 -0.8253 -0.9858 -0.6587 0.1087 1.3306 0.4658 0.0295 0.3054 -0.5775 -1.9992 -1.0949 -0.6262 0.9632 0.9730 0.1382 -0.5493 -0.0199 -0.0216 -2.9240 2.2215 -0.9349 -0.4993 -0.0820 1.0868 0.5332 -0.5419 0.4781 1.3859
0.3297 -1.7352 1.3357 0.0918 1.4350 0.3843 0.4603 -0.1136 -1.0740 -0.1447 0.5752 0.3324 0.0208 -0.0871 0.3778 1.7708 0.5200 -1.1622 -0.6298 -1.1268 0.3135 -0.5850 -0.7240 1.1510 0.8361 -0.0409 1.0471 -1.3584 1.4232 0.7835 -1.8193 1.0105 0.3841 0.3128 -0.2132 0.8000 -0.4628 1.6131 -1.2908 -0.2069 0.5096 1.6642 -0.3697 0.0451 0.6598 1.0577 -0.7579 -0.1628 0.3354 0.4759 0.2495 0.9093 0.3056 2.3491 -0.1531 -0.6522 0.7214 -0.9260 -1.3381 0.6928 -1.0567 0.4717 1.0698 -0.3074 1.0674 -0.7364 0.5363 0.3425 1.5293 1.5181 0.3371 1.2635 0.3700 0.3054 -0.2774 -0.1672 0.0125 1.1737 -0.0934 -0.7010 0.7157
0.5087 -1.2010 -0.4222 0.0507 1.1575 1.0333 1.9509 -1.1421 0.2722 0.2003 1.1437 0.7575 -0.2370 -0.1710 -0.1420 -1.2001 -0.2707 0.8319 1.0057 -1.6160 1.8946 0.6603 -0.4469 1.2071 -0.1632 0.2678 -2.1715 2.8234 0.8434 -2.1758 -0.2621 0.5323 -0.7781 -0.7949 -0.0310 0.3723 -0.8464 0.5791 1.5905 0.1117 0.9401 0.1673 -1.6535 -0.6698 -1.1100 0.6670 0.4712 0.2112 0.3354 -0.3425 -0.9347 1.5953 -0.4691 0.0488 1.5393 -0.2020 1.3899 -0.4536 0.6863 0.0288 -1.6465 -0.2189 -0.8220 -0.1792 -0.2710 -0.4194 -0.5182 -0.1097 0.5319 0.1463 2.0956 0.1853 -0.1198 -0.3085 0.6619 -0.3165 -0.3384 -0.5259 0.7203 -1.8865 -1.4391
0.2570 0.4724 -0.3158 -0.6220 -0.1056 1.3487 0.5888 0.3524 0.9551 -0.7883 1.2603 0.2151 0.0027 0.4069 -1.7870 -0.3906 -0.4663 0.4228 -1.5291 0.2096 0.0860 0.0970 0.2061 -0.6788 -1.0183 0.1295 -1.3773 1.1955 1.0130 0.4043 0.5028 -0.0553 1.3396 -0.7972 1.3301 -2.8620 0.2554 -1.5426 -1.1583 2.2049 -0.4523 -0.4036 1.1241 0.5133 1.3793 0.5791 0.3310 -0.5390 -1.5490 0.9169 -0.0095 0.4093 0.9453 1.2383 -0.6734 -1.3649 0.9315 1.1110 -0.0223 -2.2827 1.2216 -0.0630 0.0056 0.6922 0.6005 -0.8265 -0.3290 0.3237 0.9271 0.2801 -0.4637 -1.1802 -1.1278 1.1496 -0.7575 2.1438 0.5662 1.8583 -0.1055 0.9288 0.0516
0.1925 -0.8416 -0.2800 0.7353 -1.3639 -0.5870 -1.0956 0.2652 0.2985 -1.5284 -0.0606 0.1199 -0.5782 -0.6088 -0.3154 0.2443 0.9245 -0.3251 -0.6989 1.0587 -3.0564 1.3571 0.1307 0.7217 1.1797 0.5502 -1.2088 0.4062 -1.7653 0.5702 -0.5377 -0.4709 0.0368 -0.4256 -0.0344 1.9008 -1.2252 1.0565 0.1619 1.5666 0.0834 -0.5472 -0.0319 -0.3502 -1.3712 0.8838 -0.8416 -1.2573 -0.4402 0.3866 0.9282 0.6054 0.3746 -1.2964 1.4964 0.3199 0.7139 1.7182 0.4740 -0.1872 -1.3010 -1.5078 -0.2220 -2.2019 0.9317 -0.4035 0.8655 0.1673 0.7973 0.3717 -0.0103 -0.8895 0.8195 0.1467 -0.1390 0.3501 -2.1064 -0.1500 0.0679 -0.5534 -0.3092
-0.5777 -0.7001 -1.3740 0.4657 -1.0005 -1.5061 0.7150 0.7181 -0.0914 -2.1800 -2.3241 -1.1933 0.1878 -0.6932 -1.3567 0.9001 -0.3381 -3.1137 0.7582 0.2827 0.5942 -0.2381 -1.5825 -0.9868 -0.8382 -1.3722 0.6226 -0.9314 -0.6288 -0.0902 0.6647 0.7998 0.6213 0.2896 0.9235 -1.5900 1.1727 -0.3584 0.7477 -0.3550 -0.7954 0.2841 2.1191 -0.4781 -1.3425 1.3318 0.0979 -0.5544 0.2090 0.7063 1.6741 0.8959 2.3347 2.4991 0.7931 -0.3757 -0.0860 0.3934 0.4601 -0.8291 1.9468 0.9038 -0.4597 -0.3636 1.5881 1.4869 0.2158 -0.9192 -0.1648 -0.7344 -0.3985 3.2431 0.1353 -1.5693 1.7815 -1.0610 -0.6507 -0.3526 1.5845 1.0073 2.4063
0.9843 0.3477 0.0640 0.2998 0.7028 2.3266 1.4886 0.1505 0.2559 0.5071 0.3352 0.2312 -0.4984 -0.0323 1.4301 0.2935 0.7429 -0.2457 -0.6600 -1.9802 0.6322 1.4191 -0.2605 2.1679 0.2074 -0.6738 -0.0226 -0.2487 -0.4678 0.1525 -0.2408 0.3915 -1.0510 0.1235 0.0520 -0.6491 0.9633 0.6663 -0.0590 -0.2727 -0.6516 1.6360 1.6593 -1.4342 -0.1139 -2.2684 0.1829 -1.1112 0.4793 0.8127 0.5999 -0.6006 0.0321 -1.1704 -0.6417 -0.1567 -0.2922 -1.0741 -0.5179 -0.3754 0.9528 0.1903 -0.0769 -2.1489 0.4355 -0.4501 -0.9012 -0.5050 -1.0894 0.6302 0.4351 0.7541 -0.0675 -1.0026 -0.1353 0.5979 -1.8280 -0.0482 -0.0784 -0.3365 0.7282
0.9145 0.4793 0.5257 0.0874 1.3548 0.9980 0.1042 -0.3189 -0.0792 -0.5683 -1.0626 -0.5198 -0.9710 -0.0129 -0.3601 -1.4587 0.8662 -0.7670 -0.6044 -0.3027 0.1541 -0.2376 0.9053 -0.0673 0.2102 1.1688 1.1608 0.5520 0.1958 -1.0866 -1.1594 0.6524 0.6415 1.1261 -1.0079 -0.7954 -0.7781 0.7254 0.6152 -0.7250 1.4331 0.5910 1.3635 0.6699 -0.4905 -0.6720 -0.3636 -1.0734 0.5691 1.2083 -0.5363 -0.1316 -0.0117 1.1260 -2.2908 -0.2380 -0.8349 -0.1766 0.3389 -0.3165 1.5975 1.6471 0.7089 0.4795 -0.6232 -0.1213 -0.4165 0.1753 1.0831 2.2588 -1.9939 -0.3868 0.8401 0.6342 0.6295 -0.2379 -0.5788 0.7609 -0.5037 -0.1582 -0.4032
-0.1011 0.1059 1.6745 2.2006 -1.0303 -0.5448 1.1813 0.9493 0.5876 0.1264 0.0606 -2.5422 -0.3173 1.4345 0.2323 -0.5478 -0.8473 -1.4312 -1.3418 0.5183 -0.5321 -0.8623 -1.9474 -0.0979 0.9569 -0.5318 -1.4329 1.5451 0.7180 -0.2280 -1.6674 -1.6665 1.1443 0.0936 1.2364 -0.2306 -0.4057 -0.8196 -0.9528 0.1221 1.1613 0.5670 0.7022 -1.7785 0.8482 0.6837 0.8409 -0.1549 1.2098 0.5691 1.3280 0.8713 -0.4991 0.9785 1.2655 0.2064 -0.7151 0.4746 0.1343 -0.7965 -1.8682 -1.0136 0.1199 0.7498 -1.1782 -0.7076 -0.6989 -0.5660 0.6325 0.1672 0.6887 -0.1481 -0.6215 0.2571 0.5106 -0.6736 -1.0701 -0.4777 1.0021 -0.1952 0.4050
0.2730 -0.3695 1.4309 0.4728 -2.9173 -0.8810 -0.6782 1.7632 -2.2356 -0.5718 -1.5448 -1.4701 0.2178 0.1112 0.2558 -0.9539 1.0548 0.4650 -1.0614 -0.7466 -0.3232 -0.6647 1.4654 0.8113 0.5236 1.2202 -0.3613 -1.2724 0.3816 -0.9951 0.2633 -1.2729 -0.8797 1.1917 -0.8694 1.2960 -0.7647 -0.5246 -0.2068 -0.5516 -0.2684 -1.2300 0.7446 0.6735 2.3362 -1.6390 -1.2761 0.8528 1.6354 -1.1472 0.1311 1.2695 0.5875 -0.2748 0.1175 0.6885 -0.0609 -1.2209 1.2475 0.1055 -1.8387 0.7811 0.2344 0.4417 0.3753 0.5845 0.2310 0.5700 0.5767 -0.2789 0.3031 -1.0007 -1.3787 -0.8165 -0.7382 0.2449 1.4661 -0.5591 0.6544 0.1080 -0.1773
-1.2334 -0.4577 -0.8873 -0.3416 0.3065 -0.7841 0.7848 0.9197 -0.2433 -2.1014 -0.7536 0.4231 -0.2256 2.1443 -1.3054 -1.2178 -0.9643 -0.1076 -1.4089 -0.9087 -0.6954 -0.6887 -0.1237 -0.2413 0.4921 0.6743 -0.6351 -0.3509 0.1902 0.9117 0.6174 3.7088 -0.1805 -0.1652 0.3232 1.0994 0.5589 2.3700 -0.8726 -0.1477 0.1957 1.9895 -0.2707 -0.9984 -0.3071 -1.5264 -0.2816 -0.5052 0.6562 -2.5362 -0.4621 -0.7735 0.5903 -0.6534 -1.3824 -1.2813 -2.2554 -0.5609 0.2616 -0.0044 1.1181 -1.0317 0.2830 -0.7709 0.5405 0.0673 -0.8335 1.0260 -0.2779 0.2475 1.0433 -1.8457 0.6953 1.4727 -0.5225 -1.2817 1.1468 -0.6441 -0.4512 -0.5733 -0.1070
1.6485 0.8251 -0.3410 0.8030 -1.4282 0.7077 0.1173 0.0891 -0.1822 0.7123 0.2763 -0.6919 1.0217 -1.6424 -0.7763 0.6825 -1.1247 1.0774 -0.9911 -0.6995 1.3604 -0.0869 -1.5465 0.8766 -0.4543 -0.1928 -0.0092 -0.9383 -0.4390 0.2932 -0.4293 -1.1263 -0.3832 0.8064 -0.4947 -1.4080 0.3660 -0.2884 -0.9040 -0.2762 -0.9651 -0.6975 0.8635 -0.7675 -0.3166 0.2411 -1.9237 -0.4351 -0.0921 0.9825 -0.5572 0.0515 1.1327 -0.9016 1.7164 -0.3821 -1.6316 0.9002 0.3073 -0.7087 1.4646 -0.2019 0.4456 -0.6245 0.8667 0.6418 0.1541 -1.0628 -0.1405 1.6172 1.2027 1.2042 0.5100 0.5461 1.0786 0.5629 0.9589 -2.1193 0.1235 -1.3116 1.2054
-0.2744 0.1552 -0.4080 0.1899 -0.1340 1.1589 0.9518 1.9482 -1.5744 1.3566 0.3726 0.7015 -1.1898 -1.2042 1.5454 1.3587 -0.7006 0.0948 -0.5046 0.5317 1.6726 0.3604 -0.7299 0.4758 -0.1881 -0.8005 -2.8330 2.6045 -0.7434 0.4545 0.8625 -2.1938 -0.1833 0.4480 0.4465 -0.6551 0.5354 0.9271 0.3773 0.0412 -0.1686 -1.7880 -0.3465 -0.0474 0.7156 -1.6059 1.0552 -0.5708 -0.7467 -0.0017 -0.3731 1.0089 0.1206 -0.0275 0.4825 -0.5795 -0.6500 0.0724 -0.8017 -0.6272 -1.0235 -1.8037 0.2089 -0.1497 0.2931 -0.6527 0.9140 3.3217 1.9514 -0.2863 0.0428 0.1512 0.3975 0.0526 -0.4669 0.6534 -1.2107 0.1850 0.1766 0.0084 0.2661
0.3619 0.2954 0.7146 -0.7216 0.2434 0.5634 0.3614 -1.1245 2.5790 0.2317 -0.3873 0.3476 -0.5939 -1.8971 0.3175 -0.0637 0.4626 -2.1499 0.7921 1.1368 0.9313 -0.8168 0.3540 0.9406 -0.1301 -0.7010 0.4862 1.3087 0.7046 -1.3743 0.4393 -0.4491 -0.2709 1.2629 1.1806 1.3126 1.1067 1.9202 0.6724 0.5655 -0.3510 -0.5493 1.0117 -0.4066 -1.1698 0.4880 -1.5495 -0.1753 -0.3334 1.2716 -1.5830 -0.3802 -1.0524 -0.6683 0.6112 -0.5061 -0.1604 0.7812 1.1134 2.4931 2.4177 -0.9551 -0.8211 -0.4105 2.1137 -1.4746 2.3200 1.9596 1.1798 -0.1563 -2.6539 -0.9039 -1.1991 1.0712 1.2598 -0.8481 0.4225 -1.7001 0.8502 1.7144 1.8329
0.1050 0.6518 0.2339 -0.7123 0.0591 -1.3718 0.4157 -0.4623 -0.4919 0.9003 -0.0548 -0.8920 -1.0762 1.8097 -3.4203 0.0634 1.4285 0.7451 0.1254 0.2468 -1.8466 0.5786 -1.2606 -0.3761 -0.0683 -0.0419 0.1481 0.2389 0.6925 0.2974 0.5922 -0.1657 -0.5692 0.2282 -1.4599 -0.2120 -0.2433 -0.5975 0.5066 0.1152 0.8790 0.5692 0.3891 -0.1545 1.0911 -1.5114 -1.4628 0.9282 0.8082 -0.9261 1.1145 1.5143 -0.2025 -0.0624 -0.1897 0.2713 0.2740 -0.2240 -1.7305 0.8184 2.4848 1.0657 -0.5548 -0.0850 0.0783 -0.2150 -0.1878 0.3752 1.4422 -0.8096 0.4173 2.0215 -1.7327 0.4739 0.3886 2.2408 0.0726 -1.8303 -0.9983 1.5577 0.5321
1.7705 -0.1313 -1.2810 1.5630 2.1452 -0.4545 -0.1318 -1.0055 -0.1633 -0.9962 -0.3741 1.5023 -1.7210 -0.6401 0.6038 1.1782 -0.1955 1.1672 0.0272 -0.0491 -0.0485 -1.0219 0.8125 0.6620 -0.9944 -0.7364 0.4485 -0.3251 0.3622 -1.3269 2.5337 2.3561 -1.1649 1.3714 -0.1455 0.3051 -0.2406 1.0222 1.2046 0.1421 1.1370 0.5344 0.6408 -1.3254 0.3055 -2.3008 -0.0153 0.7961 0.8391 0.9598 0.7521 -1.6849 1.2169 1.1619 -0.2808 0.9792 0.9400 -0.8249 -0.3971 -1.5110 0.0499 0.4693 1.2654 -1.2871 1.0658 -1.1561 -0.5625 0.5217 1.0113 -0.8368 1.4610 0.8449 0.3550 -1.1490 0.3196 -0.1249 0.2240 -1.4712 -0.0685 -0.6695 0.6003
0.0004 1.0231 -0.6936 -1.0312 -1.7924 -0.1193 1.1864 -0.8727 -0.1273 1.3895 0.2645 -1.3773 1.4401 0.9822 1.2969 -0.0931 0.6936 -0.0989 -0.0965 0.2514 0.4813 -0.8333 -1.1752 -0.3005 -0.9769 -0.4572 -0.3176 -1.3421 -0.0765 0.2371 -0.3995 0.8505 -0.0986 0.0227 -0.7416 -1.8193 -0.9496 1.4832 -0.4280 1.7916 -0.6136 -0.5936 -0.2690 1.8201 -0.6213 0.1517 0.3497 0.2525 -1.6793 -1.1272 1.2772 -1.0965 -0.0314 1.2177 -0.4950 0.0690 0.4724 0.6870 -1.5119 0.5889 0.3864 -1.8024 0.0141 0.3119 1.7062 0.5342 -1.1132 1.1267 -0.1160 1.1176 -0.6369 1.2431 0.6872 0.0778 -0.5068 0.5018 -1.4321 0.2402 -0.9021 2.4141 -1.5794
1.2717 -0.8521 0.0604 -0.2784 0.9633 -0.1635 1.5101 -0.5848 -0.1958 0.2510 0.1328 -1.2983 -0.1033 0.8734 -1.0171 -0.6565 -0.0157 0.0086 -0.2996 -0.7691 1.1991 1.3676 1.9863 -1.1266 0.6837 -0.5311 -1.6314 1.7706 0.3970 0.6324 -0.0653 0.9412 0.2887 -0.4625 1.0203 0.3937 0.3876 -0.1973 -0.4444 1.5612 -0.3587 0.4781 1.0597 -0.1254 0.6655 -1.3726 -0.9963 0.4396 0.4982 -1.2849 -0.3079 1.4355 -0.7815 0.3283 -0.1297 0.1407 1.0917 -1.1854 0.4747 -0.2827 -1.5606 -1.1430 -0.2184 -0.0466 -0.8985 -0.0039 -0.8395 0.1808 0.6898 -0.9259 1.9181 1.2473 -0.8974 -0.1246 0.5152 -0.8099 1.0697 0.6749 0.0842 1.8073 2.6697
0.1270 -1.2619 0.7004 -0.1066 -1.6591 1.1659 0.0121 0.9821 -0.3298 -0.5825 0.1264 1.7664 -0.0778 0.1319 -0.8708 -1.7070 1.1928 -0.6071 -0.4352 -0.7778 0.5669 0.3609 -0.2851 0.8628 2.4405 -1.4662 2.2452 -0.2657 0.9352 0.5299 -0.4687 -0.0951 0.5769 -1.5489 -2.0591 -0.5187 1.1111 0.7078 -0.3824 -0.1738 0.8607 0.9666 2.1511 1.8080 0.1109 0.3471 0.0276 -1.0778 1.0199 -0.9334 0.6247 1.3251 -1.6562 0.3629 -1.0763 -0.5707 1.0136 0.0988 0.2218 -0.7112 -1.1304 0.2962 1.8039 -1.2738 -0.8490 0.0338 -1.3407 0.0957 0.4851 -0.1021 -1.1260 -2.0299 -0.3727 0.2293 0.2538 -0.8657 -0.9930 -0.4827 1.6231 0.4668 -2.1034
-1.5319 -1.3264 0.2292 0.0011 1.8045 0.3073 -0.1548 -0.0458 0.5475 -0.4117 -0.0429 -0.3569 -0.0157 2.2451 0.3452 0.7349 0.3373 0.8527 0.9269 -0.1732 1.5610 -0.9514 0.4418 1.2905 -0.7295 1.8588 0.5637 1.6993 0.1517 0.4089 -0.5001 -0.2089 -0.3605 0.1470 -0.3125 0.0342 0.1709 0.0157 2.6518 0.4799 0.2846 0.9496 -1.3251 1.7766 -0.8317 -2.1629 2.1316 2.1935 0.3029 -1.3621 -0.0646 -0.8107 -1.1619 0.5955 0.6632 -0.8951 -0.1687 -0.3774 0.3902 1.2277 -0.6520 -0.1869 0.4384 -1.2247 0.8484 1.0046 0.8378 1.3301 -0.1849 -1.0003 1.6325 -1.6983 2.0592 -0.1702 -0.2997 -1.7122 -0.0896 -1.2204 0.8604 0.8831 -0.2366
0.6387 0.6621 -0.1327 -1.0788 -0.9089 -0.0397 -1.2019 -1.1356 -0.0693 -2.3680 -1.1887 1.2846 0.8626 -0.6013 0.1876 -0.7439 1.1883 1.4518 1.3198 0.1296 1.4324 0.9202 1.1903 0.1992 1.5752 0.6943 -1.2164 1.3072 -0.1764 -0.8405 0.3880 -1.0906 -1.5638 -2.0311 -1.2564 -0.6854 -0.1957 -0.7564 0.6001 0.7512 0.7957 1.1493 0.8807 -1.5038 0.2999 -1.0014 -0.4302 -0.6680 -0.2990 0.4271 0.5702 1.2268 -1.1954 -0.4364 0.2948 0.9120 -2.4426 -0.1893 -0.0069 0.5200 0.6030 -1.4696 -1.0115 0.3502 -0.1195 -1.7032 0.2676 -0.8942 0.4660 1.0063 0.2115 -0.4775 -0.7297 -0.6426 -1.5965 -0.2479 -0.3825 0.5335 0.8103 -1.3948 1.2553
1.3338 -0.4745 0.2092 1.5396 -1.1155 -0.5398 -0.9194 0.3398 0.3351 0.3560 1.0089 1.6125 -0.7983 -0.6898 -0.5659 -1.2022 -0.1624 0.2992 -0.2859 -0.2433 -1.6579 0.3065 0.1814 -0.7211 -0.0161 -1.6145 0.6802 -0.3239 3.0390 -2.0658 -0.4944 0.7818 -0.2691 0.5038 1.0944 0.9277 -0.9801 -0.4961 0.4384 1.6526 2.4126 -1.0709 2.4021 3.0370 -1.0122 1.5559 0.3489 -1.0968 0.5650 -0.5931 -0.3704 -1.1088 -0.8837 -0.8380 -1.0500 0.8234 1.2951 0.2623 0.9070 1.2154 0.9351 -1.9316 -0.1539 0.1755 0.5106 0.6511 0.0097 -1.2690 0.0049 -0.5218 2.5139 0.9550 1.5789 0.2331 0.2620 -0.0612 -0.9312 -0.3390 1.3959 -1.0522 0.7582
-2.4422 0.5732 -0.7829 0.5100 -1.0029 -0.3689 -0.2373 1.9148 -1.2423 -0.9961 -1.3099 0.5364 -0.5064 -0.2380 -0.5611 1.9647 0.8339 -0.3970 0.8112 -1.0014 -1.4563 1.2867 -0.0751 -0.5020 -0.0583 0.1708 -0.8041 0.3646 0.4379 -0.7064 1.2356 0.1734 -1.7295 -0.0020 -0.1685 -0.2023 -0.4830 -0.1309 -0.0117 0.9429 1.3226 -0.0957 0.0592 1.3626 1.3855 -1.1023 -0.4853 0.2864 0.2921 -1.7510 -0.4393 -0.6049 -1.2444 1.7301 1.0517 -1.0340 2.2741 0.9886 0.9225 0.0010 -2.0172 1.1708 0.4887 -0.0073 1.8218 -0.2412 1.1710 0.2618 0.1496 -0.7323 -0.0220 -0.6086 -0.3292 0.6781 -1.3039 -0.3526 0.6389 -0.3455 0.5509 -0.1375 1.4686
1.4394 1.6449 -0.0355 -0.3559 0.9143 -0.3544 -0.0980 0.5248 0.1475 -0.2536 0.2014 -0.6851 -0.0012 1.6281 0.7594 -1.4899 -1.6843 -2.7938 -0.5407 -0.0463 2.0996 0.3523 1.3954 0.4430 -0.1453 0.5023 0.0100 1.1131 0.0028 -0.2814 0.1787 -1.0968 0.3345 0.0333 0.2875 0.4700 0.2562 0.0865 -1.9032 -1.1844 0.5267 -1.2158 0.1828 -0.2694 0.9681 -1.4595 -0.2252 -0.0870 0.4516 0.0946 0.2149 -0.9719 -0.2804 0.2188 -2.0590 -0.9124 -0.4671 -1.0899 -2.4432 1.2097 -1.1155 0.6275 -0.4481 -2.3793 -2.1392 -0.7463 1.0691 1.1581 -0.8790 0.0918 -2.1432 0.0553 -0.3777 2.7771 1.3850 -0.4424 0.4472 -0.6631 0.9238 0.5361 0.5191
1.2862 0.6921 1.2042 -0.5490 -1.1770 0.0314 -0.4552 0.4417 0.3730 0.9309 0.1011 -0.3901 0.5945 -0.0133 0.4560 0.4649 0.5903 -1.1211 -0.7935 -1.0731 1.5245 1.4991 -1.8261 0.3837 1.5169 1.4049 0.0521 -0.1932 -1.7511 0.9860 -0.0134 -0.0935 0.1842 0.3060 -1.0129 -0.4192 0.3306 0.0448 1.4495 -2.0366 0.2758 1.9285 -0.0934 -0.7122 -0.4453 -0.4905 1.5049 -0.4776 -0.1611 1.2155 0.2991 -0.6280 -0.9903 0.6017 -0.9627 0.3214 -0.2602 1.2618 1.1010 2.1016 0.0113 -0.3995 0.4504 -0.4467 -0.6584 0.2682 0.2967 -0.7965 -1.4195 0.2973 2.4729 1.3520 -1.2491 -0.1632 0.0301 -0.1306 -0.2930 -0.9567 1.0553 0.6879 -1.6112
-0.0235 -0.0788 -0.4386 -0.0938 -1.4021 -0.4381 0.1450 -0.6898 0.8105 0.0888 0.0158 1.2426 2.1290 2.0506 0.0134 1.7856 -0.0347 2.8952 -1.5634 -1.3063 0.1807 0.4521 0.0058 -0.5721 -0.2700 -0.5305 0.1269 -0.5311 -0.1455 0.7104 -0.1405 -0.4857 -1.7788 -1.0214 -0.6039 1.5563 0.5320 0.4160 -1.0398 0.5435 0.8723 0.8618 -0.2195 1.8192 -0.6052 0.3444 -1.5630 -0.1488 -0.0051 -0.1603 -0.4248 0.2469 -0.2645 0.5539 -0.0431 0.8350 0.1617 -1.5727 1.2452 1.2923 -2.2353 -1.0243 0.1879 0.3476 0.7204 -0.5852 2.1680 -1.3573 0.0822 -0.1031 -0.7209 0.7467 -0.0853 0.6952 1.5086 -0.2461 0.0796 0.3228 -0.2683 0.5423 -1.1593
1.0654 -1.0684 0.0054 1.0749 -0.1086 0.4711 0.5587 -0.8812 0.7204 -0.1625 1.5872 1.8446 -0.1715 1.7095 0.8051 -0.9783 -0.0114 -0.4951 1.4591 1.0047 -0.6539 0.6566 -1.3657 1.1011 -2.0978 -0.5480 0.2995 1.1645 -0.6278 -0.6052 0.2986 -0.7374 -0.7350 -0.4340 0.5275 -1.1054 -0.1661 0.3926 -0.0691 -1.4703 -0.3223 -0.4890 0.3281 0.0011 0.2836 1.6058 0.1154 -1.0770 -1.1547 0.8830 0.0840 -0.8472 0.0173 0.8652 -0.2896 -1.1267 0.5527 -0.4209 0.9343 -1.3050 0.4136 -0.9552 0.1723 1.1077 -0.1383 -0.2677 -0.5451 0.5513 0.6111 -1.0948 -0.5937 0.6967 0.4576 -0.0009 -1.0063 -1.6168 0.0387 1.1366 -1.1634 1.3687 -1.2972
1.4985 1.0924 -0.1462 -0.1942 -0.3619 1.1842 0.8208 0.9893 0.2174 0.8458 1.2852 1.9035 1.0669 0.9319 -0.6976 0.1459 -0.8735 0.0697 -0.1150 -0.6172 -0.2980 0.6740 0.0596 -0.3378 -1.5452 -0.3927 -1.2473 -0.9860 1.3944 -0.4700 -3.4033 1.4622 0.4224 0.1031 0.4046 2.7778 0.2132 -1.2171 -0.3349 -1.1320 -2.0506 -1.0360 -0.3533 1.6678 0.2999 -1.9831 0.6888 1.1048 -1.2206 -1.0941 0.3313 -1.1562 0.1873 -1.0145 0.0617 -1.0699 -1.5501 1.6819 -0.9940 -0.1308 -0.5167 -0.5591 -1.4390 -1.9512 -2.3999 0.6785 0.7900 -0.6630 0.3533 2.7392 -0.3415 0.5655 0.3705 1.4485 0.3303 0.8188 1.0094 -0.0632 0.3096 0.1782 -1.5922
0.8261 0.0952 0.5389 -0.4180 -1.1524 -1.5634 0.1171 -0.3651 -0.8043 -0.6670 -0.6361 -0.0920 -0.1943 1.2052 -0.3730 0.8671 0.2580 -1.5434 -2.0416 -1.1648 -0.5381 0.0222 0.7450 0.7323 -0.1245 -0.4796 1.5297 -1.2967 0.1997 0.0692 0.0448 1.8629 -1.3475 1.0378 -0.3291 -1.9300 0.1636 -0.5081 -0.3434 -2.2912 -0.0068 -0.1692 -1.9544 -0.3151 0.2310 -0.0858 0.7600 -1.2374 0.3348 0.9425 -0.3384 -0.8616 -0.2587 -0.0633 -0.8222 -0.6419 -0.5293 -1.0093 0.5118 0.8675 -0.4770 -0.2186 1.0046 -0.0105 -1.6188 0.9913 -0.9278 0.2983 1.1075 -0.2139 -0.3722 0.5860 -0.5420 0.7942 -2.1344 -0.0897 0.6518 0.8805 2.7824 -0.5307 -1.6616
1.9363 -0.8190 -1.4578 -1.8876 0.5362 -0.0970 0.4854 -0.1159 -0.0094 -0.2846 -2.3977 1.9670 1.5772 0.9661 1.5742 0.4893 -2.0414 -0.7145 -0.3520 0.0272 0.0421 -1.3318 -1.1072 -0.1936 0.3686 -0.3387 1.3786 0.4096 -0.9479 0.9418 -1.2020 0.3660 1.4349 -0.0326 0.0624 0.7130 0.2951 -0.7572 0.8400 0.5927 -0.9237 0.5335 0.3612 0.7997 0.5049 -1.2926 -1.7451 -0.0370 0.9877 0.2615 0.2111 0.3436 -0.2185 1.4385 0.0500 -1.1806 -0.0765 -0.5368 -0.2873 1.3794 0.2253 0.9140 -0.8201 -1.0923 -0.2449 -0.1008 -0.5951 0.1690 -0.4106 -0.3452 -0.3976 -2.8229 -0.3715 -0.4639 -0.8827 0.0651 -0.7062 -0.5105 1.0342 -0.7114 1.2710
1.1543 -0.2640 -0.1479 0.2719 -1.4044 -0.1622 0.3858 0.6692 -2.5239 -1.1483 1.3543 0.4021 -0.0821 -1.7944 0.6737 0.8105 0.2704 -0.7911 -1.3507 -1.1380 -1.5801 -0.8394 -1.1419 0.2175 0.6190 0.5754 -0.1509 -0.3625 -0.5862 -0.7473 0.3001 -0.2913 0.1200 -0.0967 1.4220 0.1706 0.6386 -1.2644 1.8639 0.7469 2.0232 0.4735 0.7279 1.6748 -0.6021 0.0111 -0.2470 1.3869 -0.7132 -1.5882 -1.3137 1.1067 -0.3782 -0.4660 0.8708 0.9222 -0.4878 -0.3149 0.0352 -0.5013 1.6216 -1.0169 0.1601 0.3690 -1.3210 0.6985 1.5953 -0.1870 0.0357 -0.1364 -0.7104 0.0654 2.2350 0.7437 -1.5864 -1.7770 0.4800 1.0828 -0.8137 -1.5252 1.3170
0.6034 0.3724 -2.6977 1.2895 -0.1434 -0.4352 -0.0272 0.2353 -0.2006 1.2821 0.6991 0.7073 0.8956 2.0916 1.2169 -0.8950 -0.9879 -0.1488 1.3547 -1.7379 -0.9864 1.5584 2.0870 -1.1096 -0.3051 0.6287 1.1573 -0.1147 1.4909 -0.9314 -2.3512 -2.0277 -1.9276 -0.6797 -0.2489 -0.3405 1.5407 0.1659 0.4952 1.7311 1.1051 2.5337 -0.0201 -0.8782 -0.5623 -0.1094 -0.0958 -0.8185 0.5999 0.6498 -1.3154 0.8572 0.5354 0.3103 0.9360 0.7304 0.3688 -1.3089 -0.0758 -0.5929 1.0174 -0.8702 -1.2379 1.7342 0.0996 1.8726 1.1003 0.8878 1.2495 0.1422 -1.0983 -0.9158 -0.6616 -1.2778 -0.2569 -1.3742 0.4252 0.5073 0.0567 -0.2333 2.1918
-1.1576 -0.5051 0.4608 -1.2115 -0.6309 0.6603 -1.1850 0.0440 1.5397 0.6456 1.0037 0.0271 -0.3439 -0.3747 0.7041 -0.0264 0.1981 -0.2281 -0.8045 -0.1008 -0.0605 -1.5086 -0.2056 -1.2163 0.1174 1.2942 -0.9501 -0.2917 -1.7935 -0.9378 -1.1987 1.4254 0.2366 0.9544 -1.4076 0.3233 -1.0935 0.5660 -1.1630 0.8902 -0.6485 -1.1565 -0.8199 -0.5424 0.8731 0.6880 0.3708 -0.7833 -0.8800 -0.0888 0.8771 1.2322 1.7783 -0.5690 0.8811 -0.2839 1.5408 -0.3287 -0.8185 -0.8273 0.6588 -0.1487 -0.4652 -0.9228 -1.5261 1.4468 1.8023 -1.5250 -0.2940 -0.2982 -0.3201 1.5389 -1.1585 -1.1823 -0.4194 -0.0006 -1.2958 -0.0573 -0.2057 -1.1524 -1.0904
-0.3821 -0.1852 1.8953 -0.1338 0.3183 0.2545 0.4733 0.7530 -0.1939 0.4394 -0.5208 -0.6653 0.5478 0.8220 -0.5912 0.9809 -1.1004 1.1079 -0.4849 1.6555 -0.9402 0.9613 0.6333 0.7182 -1.9283 -1.1313 0.9393 -0.0640 0.1434 1.1737 1.1287 0.2317 -0.0318 0.0121 0.6590 -1.6545 0.3588 0.1026 0.4626 1.0149 0.7777 -1.5192 -0.4524 0.2624 0.6489 -1.1485 0.0674 -0.3195 1.4839 -0.9590 -0.8596 0.5149 -0.0700 0.3679 -0.2633 -1.5647 0.4951 -0.2815 0.4079 1.5703 0.4846 0.9320 0.6056 -0.3253 -0.0445 -0.3445 0.5141 -0.9298 1.1095 -0.4758 0.6318 0.5437 -0.0632 -0.3853 -0.6952 -1.5803 0.1070 0.9413 -1.2588 -1.4224 0.1263
-0.2957 -0.2662 1.3772 -0.5637 1.2435 -1.1881 -0.3411 1.3030 0.5523 0.0754 -0.1495 -1.4637 0.2722 -0.1419 0.6228 -0.4688 0.4296 1.0128 -0.2290 1.8185 1.0146 0.0299 -2.9299 0.8132 -1.4506 -0.2282 -0.1673 0.5751 0.9465 -0.6728 0.0800 -1.2008 0.5347 0.7004 0.8385 -1.5726 -0.1849 -0.4917 -0.0412 -2.1705 -0.7911 0.5127 -0.8784 1.5755 0.7404 -0.8749 -0.7541 0.2392 -0.1441 0.7027 0.4031 -0.4438 1.2329 0.2123 0.0780 0.5692 -1.1651 0.1812 1.4929 -0.8431 -1.0915 -0.9349 -1.3116 0.7595 -3.5775 0.3507 -0.3081 -0.8885 0.1089 -0.8188 0.0305 0.2585 0.4741 0.7597 -1.1013 -0.4392 0.2790 0.0493 -0.7456 1.0053 -0.8752
-0.8889 -1.5699 2.0081 0.1945 0.3684 0.5089 -0.2824 0.1534 -0.9254 0.3500 -0.4849 0.2596 -0.0800 0.3869 0.3451 0.6978 1.2824 -0.5335 -0.7213 -0.4307 0.1149 -0.4442 -0.7188 -0.3583 0.3376 1.9615 1.0222 0.7452 -0.7004 -0.0776 -0.9538 2.3782 0.7200 -0.6929 1.2735 0.2560 0.1908 -0.1553 -0.9844 0.5597 1.0844 0.1566 -2.1535 0.1472 0.9424 -0.9655 -0.3839 0.4128 1.0848 1.0596 1.2718 -0.5098 0.0702 0.9153 0.5009 1.4976 -0.0688 0.6703 -0.6170 -2.5208 0.5514 0.3109 -0.3093 0.8753 -0.1117 0.5397 1.5534 -0.0920 0.6352 0.3389 -0.0306 -0.5954 -0.4276 -1.0448 -0.2146 -0.3941 0.3693 0.0737 1.2594 0.0911 1.0625
0.5135 0.4314 1.2577 -0.3203 0.0049 0.1424 0.2084 -1.6708 -1.4696 0.7560 0.3877 0.0020 0.8401 0.4315 1.7545 0.7663 0.0421 0.4923 -0.1355 0.3150 0.4260 -0.3950 0.1119 0.5956 -0.1303 0.3384 -0.0877 -1.4619 1.0191 -0.9282 0.6107 -1.1999 0.2126 -1.3088 0.2144 -1.2614 0.3619 -0.0198 -1.2440 0.4391 -0.4819 1.5056 -1.1313 0.4083 -1.0680 -0.2831 -1.8818 0.4394 0.4227 1.2867 0.0964 0.1417 -0.6725 0.7727 -0.7400 0.6794 -0.8564 -1.0870 0.1473 0.0443 1.3957 -0.5625 -0.0540 1.1967 0.9308 -0.7767 1.3449 0.7493 0.4020 0.8368 0.8050 2.2593 -1.1702 0.3083 0.7331 0.1719 -0.4519 -1.4107 -0.0321 -0.4859 -0.2196
0.0683 0.5446 0.3746 -0.6570 -0.6991 -0.5122 -0.0680 -1.7264 0.9364 -1.0151 -1.2236 -1.9906 -0.4050 0.9230 -2.1494 -0.0054 -1.6050 1.6128 -0.4464 -1.4234 -0.1998 2.8877 0.6268 -1.2538 0.2534 -0.2769 -0.7361 -1.8772 1.2852 0.2336 0.7064 0.5575 0.1797 1.7147 -0.4638 -0.4838 -1.3062 -0.4289 0.4320 -0.0439 1.1459 0.2787 -0.3598 1.6495 -0.0578 1.4587 -0.5053 1.1038 0.5020 0.2127 0.0308 1.2437 0.6130 -0.4719 -0.1773 -0.2371 0.8935 0.2479 -1.2051 -0.8472 -0.4200 0.1348 0.3992 -0.6857 -1.3812 1.2159 0.0488 -1.3314 0.5169 0.6281 0.0090 -0.6984 -0.1402 2.0882 -0.6983 -0.6335 0.1453 -0.9004 1.0971 -1.0538 -1.5253
0.5526 -1.8258 1.2314 -0.1942 -0.4351 -0.3232 -0.1488 0.1074 0.1444 0.9808 0.5764 1.8029 -1.8280 2.2869 0.1222 0.0617 -0.3057 0.4229 -2.4625 0.1093 0.0776 0.2304 0.1586 2.3103 1.1410 0.8431 -1.5809 0.3329 -0.7331 0.0836 -2.0261 1.1079 -0.6026 -0.0877 1.0337 -0.7411 -0.5278 0.1838 2.6096 0.4620 0.1682 0.7856 -0.2154 0.3016 1.3227 -1.0233 1.1093 0.9138 -0.3470 0.8744 -0.2701 -0.7326 -0.0315 0.3571 -1.2225 -1.5447 -0.2674 -1.6217 -0.4975 1.2780 -0.2741 -0.8085 1.3204 -0.9375 -0.8418 0.6663 1.3276 -1.5005 1.2937 -0.1867 -1.3716 -1.3282 0.9122 0.8435 -1.2197 -0.4034 -0.7329 1.2319 0.4804 -0.0173 2.1872
-0.8167 -0.8403 1.6380 1.7659 1.5590 -0.3997 -0.1132 -0.0331 -1.0007 2.2039 0.6637 0.0314 0.1356 0.5104 -0.2821 1.2203 0.3377 -1.4467 -0.4579 0.5540 -2.1948 -1.4254 -0.5295 0.0122 -0.1500 -0.0853 -0.3420 -0.8215 -0.5313 -0.1001 0.4352 -1.8619 -0.8165 0.8603 0.4406 1.4792 -0.8466 -0.6929 0.7822 0.0829 0.0843 0.5963 1.9872 1.5294 -0.6945 1.3234 0.5195 -0.7906 0.3253 0.6626 -1.0652 -0.0047 0.2908 0.4303 -0.1729 0.3606 0.2135 -0.5423 -1.7320 -0.6157 1.4822 0.4602 0.9001 1.3257 -0.7168 -0.9755 -0.7323 -0.8663 -1.2429 1.6384 1.4487 -1.6285 0.3325 1.2676 -0.2031 -0.6628 -1.6277 -1.2785 0.1499 -1.1180 0.2821
-0.6226 0.8723 0.3574 0.6858 -0.4988 -0.1269 0.2277 0.8435 -0.4244 0.1920 -0.7699 0.0491 -0.7468 -0.5664 -1.1170 0.0563 1.0813 0.9385 0.3788 0.8536 -0.3915 0.7030 0.1551 -0.2613 0.8978 -2.1785 -0.3335 -0.3767 0.2483 -0.1814 1.9296 0.5433 -1.0178 1.5148 0.5572 0.1593 -0.3466 0.4627 0.4942 0.1599 0.1822 -1.2647 2.2728 -0.8021 -0.1230 1.4838 1.3622 -0.2090 0.7749 -0.8870 -0.3036 1.3244 0.5294 0.1496 0.3066 0.1599 0.2759 0.0652 0.3551 -0.1977 0.5938 -0.0520 0.3330 -0.8722 -1.6009 -0.7392 0.1884 0.0674 0.3159 1.4483 0.7754 0.1534 1.7655 1.9249 -1.4607 0.3081 -0.3590 0.3893 -1.5665 0.9079 0.1538
0.2856 0.5702 1.1902 -0.9816 -1.3777 -0.1644 -0.2366 0.9902 -1.3847 0.2193 -0.0247 0.4674 1.0950 0.2235 -0.5117 -0.1418 -0.7712 -1.6932 -0.5021 0.7991 1.6950 -1.2843 0.4412 -1.2481 1.5753 0.9688 0.7257 0.9716 -0.8218 1.3701 0.2115 -2.0620 0.5598 1.3307 0.8536 1.2483 -0.3531 0.2946 0.3803 -1.1148 -0.0093 -0.1488 -0.0314 -0.5055 1.5071 -0.1348 -0.1985 0.7658 -0.1244 -1.5724 -1.3612 -1.6796 0.6740 0.6846 1.4924 0.8248 0.1573 -0.4721 2.3506 -0.9148 -1.4520 -0.5338 0.9199 -1.0795 -0.4791 -2.6988 -1.2182 -0.1171 0.1333 0.0052 0.1829 -0.7349 -1.4777 -1.0038 -2.1490 0.9090 -0.0150 0.3134 -0.3560 -0.2401 0.0746
0.9567 -0.6494 2.1707 -0.6964 0.0098 -0.1338 0.0319 -0.0470 1.1856 -0.4499 0.7254 -0.0461 -0.8988 -0.3159 -0.9153 -2.1388 -0.3740 -0.4956 1.2673 0.8695 0.2553 1.2295 -0.5634 0.7338 0.4022 -1.0057 3.1607 0.2568 0.1603 0.1140 -0.4084 -1.6012 1.1047 0.7036 -0.4749 -0.0765 0.1115 -0.7226 0.3056 1.0463 0.9288 1.3072 1.4668 -0.2243 -1.7151 1.0995 0.0753 -0.2478 0.2537 0.6986 -1.1485 0.1265 -0.9610 -0.7855 -0.1081 -0.1673 0.0535 0.0610 0.4117 0.4771 -0.8884 0.1114 -0.8125 1.3125 -1.2722 0.7075 -0.9621 0.1833 -0.8765 2.1214 -1.3735 0.7052 -0.9250 -1.0160 -0.9174 -0.1494 1.6656 -0.4488 0.7791 0.5832 -1.4493
0.0694 -3.3638 0.4665 -1.6456 -0.9498 0.0238 0.2925 -2.0660 -1.4937 0.2450 1.1111 -1.6774 0.2609 -0.8970 1.2017 -0.8579 -1.1613 1.9311 1.2354 -1.1295 0.8060 2.1351 0.6244 0.1334 0.6905 0.1657 1.1911 0.2363 0.0529 -0.6447 1.1487 -0.7489 0.0661 0.1040 -2.1532 -0.3457 0.9135 1.5498 0.7413 1.3316 -0.6943 0.1233 -1.6904 0.1896 -0.1970 1.0656 -0.0362 -0.6274 -0.4119 -0.2949 0.2036 0.3143 -0.2554 -0.3770 0.4712 0.3146 0.2083 -0.2306 -0.1080 0.9536 -0.1518 0.3853 -0.3684 -0.8990 -0.1866 1.2665 -0.8972 -1.3691 0.9778 1.2021 0.0054 -1.9196 0.9101 -1.0723 0.0549 0.3692 -0.0297 0.2391 -1.1038 0.9876 1.7689
-0.5763 1.2446 -1.0699 -0.1779 0.0158 0.6622 0.1592 -1.0400 -1.5044 1.9553 -0.2420 0.9814 0.8097 0.1490 -1.5614 1.3881 -1.9531 0.5052 -0.1017 -0.8741 1.1566 -0.0500 -1.4017 0.8642 -0.1926 0.1602 1.4166 0.3903 1.6534 -0.5310 0.5565 -0.0252 0.2509 0.0647 0.3705 0.3684 -0.2678 -0.5832 1.0889 -0.0489 0.2218 0.6330 0.5008 -0.4115 0.5224 -0.1440 1.1519 -0.5541 -1.7111 -0.3651 -0.3337 -1.7996 0.1505 -0.5097 -1.1937 -0.8202 1.0447 0.5420 1.8671 1.1451 0.1910 -0.9535 0.4699 -1.4748 -0.6948 0.5186 -1.2477 0.3374 -1.2183 1.1800 1.1918 0.7044 0.3894 2.2040 -2.8780 0.6589 -1.4383 -1.5687 1.7449 -0.2000 0.5905
1.1961 -1.0105 -0.4030 0.7796 0.0997 -1.4341 -0.0504 -0.3613 -1.8130 -0.7693 0.4202 -0.9259 0.0076 -0.8692 -1.3271 -0.4156 -0.8282 0.0509 0.3565 -0.7855 -0.0954 -1.1804 0.6633 -0.4985 -0.6972 -1.2962 -0.9201 -0.3228 0.5379 -0.4546 1.5120 -0.6371 0.0976 -1.0660 -0.1600 -1.0220 -0.0503 0.0084 1.2289 0.1239 0.1182 0.0838 -0.0995 -0.6937 -0.0686 -0.4371 0.4326 -0.1699 -2.2537 0.2840 0.3432 0.0365 0.6236 1.0124 0.6421 -0.4405 0.2961 0.6742 0.0807 0.3186 -1.8953 0.1977 0.7104 -0.0755 -0.1211 -0.8217 0.1723 -1.1594 -0.6860 -1.6577 -0.9155 0.7994 0.3247 -0.9138 1.0990 0.7895 0.6311 0.8723 1.3419 -0.1011 0.0058
-0.2835 1.8057 1.2644 0.1584 -0.7222 -1.1742 1.4504 -1.1507 0.2106 -0.8363 0.0867 1.1486 1.2151 1.8552 -0.1366 0.4708 1.1670 1.1254 -1.4696 1.1434 -0.1121 -0.1382 -2.1304 -2.1179 0.2110 -0.2443 0.3736 -0.2689 -1.3703 -1.2938 1.8100 0.9588 0.8385 0.5155 -2.2635 1.4708 0.0142 -1.0893 -0.9245 1.6509 -0.8719 0.2017 0.5958 0.1938 0.6597 -0.5177 -0.1208 -1.0384 -1.9101 -0.3888 -0.0353 -0.9552 0.3654 -0.1690 -0.1341 -0.2786 -2.1605 1.2348 1.1160 -0.5698 0.4768 -0.2384 -0.2314 -0.5523 -0.4382 0.7148 1.8836 -0.9010 -1.2538 -0.6147 2.0722 1.3060 0.2125 -1.2184 -0.1567 -0.0461 -0.5447 0.1780 1.5545 -0.0386 0.4532
-0.1757 0.1583 0.7043 0.0705 0.3015 -2.7387 -0.1669 -0.2002 -0.6276 -0.5088 -0.8933 -0.3018 -0.3964 -0.3502 1.2735 -2.8168 1.4888 0.4486 -0.7276 2.1366 0.3037 -0.5181 0.4413 -0.9608 -1.1987 -0.4347 0.2170 0.0485 -0.3255 -0.6274 -0.6547 0.9206 -0.0699 -0.1735 0.8089 0.5951 -0.4978 -0.0357 0.0356 -0.6113 1.6847 1.9444 1.2470 0.3849 -0.4649 -2.2153 0.0886 -0.2878 0.4484 0.5288 1.4544 0.3831 -0.8532 0.9861 -2.0136 -1.0135 -0.2066 0.4723 -1.0498 -0.0313 -1.9221 -1.6774 -0.1319 -0.8657 -0.0919 0.8767 1.3884 0.6182 -0.2383 0.4663 0.7280 -0.9549 0.9802 1.3630 -0.5357 1.2048 0.8452 0.8403 1.3373 -0.4650 1.1407
-0.8406 1.4523 -1.3501 -0.0536 -0.6485 -1.1227 -0.1096 0.2076 0.5112 -1.9854 -0.6567 -0.1572 1.3645 0.4092 1.0685 -1.3530 -0.4353 -1.1381 -0.7255 0.7422 -0.7960 0.1561 -1.3546 0.1794 1.0152 0.0945 1.4036 0.5487 0.4163 0.2863 1.0996 -0.0422 -1.2238 -0.0537 -0.7808 1.5739 0.6217 -0.4339 0.8471 1.3181 -0.8436 -1.5454 0.0173 -0.9118 -0.2283 -0.1486 1.2365 0.4008 -1.1589 0.1922 -0.6910 0.8990 -1.0957 -0.2916 0.3556 -0.8768 -1.5979 1.1441 -0.4880 -0.5064 0.6203 0.6823 1.7206 -0.8857 -0.5749 0.1830 1.3879 -0.4461 0.0899 -1.6023 -1.0213 0.6644 -0.3566 0.5702 0.6511 -1.1832 -0.1743 0.6081 -1.0046 -0.9753 -0.8518
0.7710 1.0108 -0.9769 0.7842 -0.7419 -0.6074 0.8369 -0.2786 0.4181 -0.5032 0.7775 0.7745 -0.1273 1.1023 0.2878 1.5491 1.6629 -0.2807 1.1416 -0.5643 -0.9270 1.2128 -1.0627 1.1132 -1.6576 0.2732 -0.0820 -0.3579 -0.8604 1.1100 1.5068 -0.5620 -0.5578 -0.5822 0.7787 -0.4604 0.9760 -1.7786 -1.4560 0.6601 0.1034 -0.4472 1.2508 -0.4899 1.1430 2.5104 -0.5618 -0.9659 1.2521 -0.0597 0.0969 0.2146 0.6786 0.7096 0.6982 -0.6371 -0.5081 0.8200 1.0990 -0.6045 -0.2882 0.8907 0.5790 2.1467 0.0044 0.6739 -0.3130 1.3589 0.0576 0.8592 1.7828 0.9947 1.7065 -1.1957 0.3194 -1.8764 -1.1397 -2.2651 0.3046 0.6890 -1.4148
1.3954 -0.7789 0.8666 -0.3181 -1.1844 -1.2099 -0.4852 0.5416 -0.3202 0.3672 -0.4690 1.4256 -0.7742 -0.0076 0.1560 -2.6076 -0.2287 -0.5471 -0.9317 1.4593 -0.0404 -0.6446 -0.1517 -1.3283 -0.1141 0.0175 1.3908 1.1858 0.1497 0.3018 0.0104 0.5682 -0.5440 0.9598 1.0775 1.5533 1.9856 -0.6279 0.5556 1.0377 1.4062 -1.9306 0.4189 1.9135 0.2037 1.0600 -0.8390 -1.2117 -0.2357 -1.0482 1.2498 -2.4989 0.0923 0.6511 0.2905 0.7697 -0.4324 0.7367 -0.7382 -1.9238 0.1060 1.0494 1.8063 0.4950 0.3259 0.5835 -0.2288 3.3497 1.0602 0.1923 -0.7229 -1.0146 -0.7754 -1.3620 1.0951 1.1031 0.8362 0.7614 -0.9710 -0.2959 0.4311
1.0235 -1.4421 -1.0409 0.3728 -0.2990 0.6251 -0.1190 1.0506 -0.4847 0.4855 -1.1366 -2.3640 -0.0305 0.1070 0.0503 1.2232 -0.3813 0.5348 -0.4455 -0.0172 -0.1921 0.5858 -0.8706 -1.1007 0.8420 -2.1150 0.0384 -0.2684 -0.1620 0.8360 -0.8692 -1.8159 -0.9628 0.3034 -0.9708 -1.3890 0.5800 1.8448 -0.1347 -0.8538 1.9245 -1.9897 -0.1580 0.6604 -2.0220 0.5179 1.6960 -1.9617 -1.2761 0.5226 0.3050 -0.5652 0.3008 -0.0686 -0.1965 0.6748 1.0319 -0.9293 0.6191 1.1095 -0.1217 0.3437 -0.3452 0.2204 -1.9111 -0.5430 0.2331 -0.4998 -2.6083 0.2876 0.0758 -0.3468 -2.1028 1.0047 1.5101 0.8293 -0.1795 0.2716 1.0276 0.4230 -0.7132
0.2038 -2.1813 -0.1342 -0.6737 -1.1004 -0.2895 0.5809 2.2591 -0.2824 0.4275 -0.3302 -1.0858 -0.5074 0.1584 0.1013 1.1202 0.5710 0.2965 -0.2077 0.2685 -0.1648 0.5082 0.4245 -0.1359 -0.5530 0.3535 0.6576 0.4209 -0.3182 0.6148 0.8749 1.5893 1.6515 1.2539 0.1902 -0.1447 -0.1429 0.0812 -0.3912 0.6216 -0.5547 -0.3181 -0.3068 1.3599 0.6007 0.4848 0.4000 1.0268 -0.1053 -0.4997 1.6350 -0.6276 0.2673 -0.9975 1.8150 -0.3242 0.9438 0.8606 -0.1727 -0.2938 -0.4184 1.3673 -0.4582 0.3127 0.5400 -0.7168 0.8943 -0.1305 -0.1597 0.2613 1.3888 -0.8019 2.0138 1.2744 1.9759 1.1411 -1.7069 -1.8907 0.0117 -0.3280 -1.1498
-0.4365 -1.6440 0.6854 1.4344 1.2095 1.1928 -0.5693 -0.6937 0.5042 -0.6560 0.3580 0.2096 -0.4571 0.2987 0.0624 -0.7649 0.6271 0.3495 0.6821 1.8836 -2.1311 2.4694 -2.0954 -0.8240 0.7188 -0.2485 -0.0746 1.4939 1.2089 -0.1988 -0.4977 0.9775 -0.1957 0.4507 0.4888 -0.2137 -0.3585 -0.4897 0.0901 1.1767 -0.5541 0.3355 0.2583 -1.4785 -2.5578 0.8823 1.9397 0.2198 -0.5265 1.3821 0.9502 -1.1176 -0.3802 -0.1834 -1.1836 0.7366 -1.3785 0.4419 -1.1902 0.7425 0.7265 0.2012 0.1895 0.8493 0.4838 0.3914 1.1434 -0.6309 1.3255 -1.7372 0.1343 0.7744 -0.4781 0.1453 0.6374 -0.1316 -0.8246 -1.1033 -0.0530 1.0286 -1.4947
2.2751 -0.2556 -0.2715 -0.7785 -0.4861 -0.3213 -1.3318 1.0407 -1.5870 0.5472 0.8504 -0.8322 -1.5226 -2.3236 2.4371 1.0883 -0.8647 -0.8712 -0.1312 -0.0848 0.4115 0.4391 -0.0952 0.2396 0.5584 0.3418 1.5257 -0.3436 -0.2437 -0.8298 -0.5713 -0.6318 0.4260 -2.6394 0.4111 -1.8482 -1.4868 0.1031 0.6585 0.0544 1.5528 -0.3768 0.0475 -0.3451 0.4650 0.5863 -0.9947 -0.1569 -0.6754 -0.0853 -1.1015 0.2047 -0.2791 0.3972 0.5804 -2.0796 -0.3401 -0.8754 1.6545 0.3237 1.4106 -0.7741 -2.3773 0.8374 -1.1215 -1.6034 -0.6916 0.8137 1.3014 0.9721 -0.4671 -0.7731 0.5014 -0.9320 -0.4757 -1.1044 0.2477 0.3296 2.4563 -2.2180 0.3503
0.9988 1.4012 0.1672 -0.4848 1.0480 -1.3610 1.3662 -0.0549 0.8532 -1.3836 -1.4712 -0.9363 -0.1350 2.6667 1.3834 0.6060 -1.8111 -0.6187 -0.9740 -0.0016 0.3825 0.2234 0.2767 0.5396 0.5498 0.4417 -0.9809 -1.7772 -0.0119 -0.3611 -0.2854 -0.1233 -0.0904 -0.8739 1.1101 0.7643 0.3978 1.1481 -0.2233 -0.2147 -0.5111 0.5739 1.4195 1.0712 0.1909 0.5247 -0.9302 -1.2103 -1.0597 0.3302 0.3183 -0.2879 0.0177 0.9036 1.3626 1.3782 -0.4390 1.2769 -1.5468 -0.6964 -1.0651 0.4514 0.0751 -0.0364 -2.2493 -0.8774 -1.5726 -1.2152 -0.4733 1.1519 0.1743 1.1288 1.7533 0.9819 1.2965 0.6322 0.1961 -1.1129 -0.2483 0.4206 1.7132
1.1835 0.7047 -0.3460 0.1429 1.1599 -1.3156 1.1526 -0.6431 -0.8223 -0.8442 -1.4440 -0.3147 -0.5234 0.0426 -0.7549 -0.7330 -0.3632 -2.9716 0.2840 0.1341 -0.3485 0.7348 0.5367 -0.7813 -1.3686 -0.5753 1.2835 0.0731 -0.3595 -1.3960 -0.1313 1.4162 -1.1096 0.8236 1.0321 -0.2391 0.0671 0.9245 1.2998 1.6036 -0.3797 -1.6701 0.1371 0.4714 -0.2523 0.7919 0.5134 -1.1893 -0.0551 -1.4484 -1.2773 0.1538 0.7672 1.1902 -1.0808 1.2691 -0.5746 -0.2848 -1.5682 -0.5894 0.6674 2.7037 -0.4733 0.4526 0.0356 -2.3898 -0.3339 -0.4501 1.0123 0.3721 -0.4312 0.8010 -0.0546 -0.4612 -1.4253 -1.3922 0.4510 1.0458 -1.2920 -0.8903 -1.7934
0.8170 0.5979 0.8463 1.8742 0.4372 -0.9437 0.5577 -0.3101 -1.5205 0.0892 1.3654 0.1421 1.2935 -1.9260 -0.5295 1.0231 0.4646 -0.5591 0.1571 -2.1968 -0.0199 -1.1779 1.0221 0.5093 -0.9958 -0.9147 0.1011 -0.3330 -1.4182 0.2980 -1.0571 0.0395 0.5192 -1.6822 -0.0093 -1.5636 1.1839 0.3096 0.2946 -1.8893 0.8587 0.2278 -1.5363 -1.0046 0.3539 1.5254 -0.3905 0.0429 -0.4876 0.1661 -0.0960 1.2524 -0.1346 -1.2235 -0.3268 -0.3496 0.1286 1.4764 -0.3741 -1.2297 0.7677 -0.6524 -1.4901 -0.9936 2.0611 0.2662 0.3768 -1.1894 -0.1788 0.6745 -0.4557 -0.6407 -0.8463 0.3915 0.7190 0.1402 -0.6843 0.0508 -0.4626 0.2241 -2.2810
1.7228 0.8785 0.7430 -0.4674 -0.1552 -0.4538 -1.0552 0.5043 -0.2670 0.2479 -1.3708 -0.3167 0.2953 0.4008 -0.3527 -0.0049 -1.2951 -0.4237 -0.2201 0.1496 0.6721 -0.4621 0.8351 0.7762 -0.2067 0.6130 0.1797 -1.1395 -1.6136 -0.2489 -1.6740 0.7351 -0.7334 -0.3620 0.7055 -0.3308 -0.0091 1.4539 1.0436 0.2189 -0.2029 1.6895 -0.7291 0.7406 1.2978 0.3070 -0.5859 -0.7271 0.4768 -1.4864 -0.0667 0.3945 0.0790 -0.3369 0.4662 0.9086 -0.5889 -0.0038 -0.1404 -0.8930 1.1756 1.1743 -1.6092 0.0082 0.4387 1.4625 -0.0821 0.2468 -1.9557 -1.9973 1.5178 1.1883 0.9462 1.0824 -0.1362 1.4143 -1.1888 -2.3792 1.0507 0.0935 -0.0209
-1.2396 0.4464 -0.3858 -1.0631 -0.3688 -0.0431 1.1934 -1.2711 -0.3630 0.5234 -1.2937 -1.5963 1.6702 -1.0504 -0.8613 -0.0720 1.3486 2.6076 1.3848 0.6545 0.0861 1.3579 -0.2839 -0.0529 0.4588 -0.5032 -0.6512 0.7661 1.6206 -0.5733 -0.3544 0.3585 0.0919 0.4750 1.0601 -0.9366 0.5257 -0.8288 -1.5869 1.3296 0.8631 0.8719 1.3506 -1.5011 1.7332 0.4962 -0.1454 0.4944 -1.4933 -0.8728 -0.2571 -0.0647 0.1725 0.4688 0.7400 -0.1767 0.5165 0.5058 0.0003 0.5635 0.1389 1.9383 -0.2560 -0.2491 -0.2684 -1.0679 1.0366 0.5990 -1.1553 -0.2092 -2.0730 1.3808 0.7997 0.6082 0.1076 -0.0433 0.8231 -0.2383 -1.3911 -1.0627 -1.7131
1.3492 0.7077 1.9931 1.9402 -0.3359 1.3264 -1.7637 0.0271 -0.9815 0.6616 -0.6855 1.8228 -0.3754 1.7889 0.2269 0.7406 -0.4314 -2.7397 -0.2417 -0.6944 0.7918 1.4287 -0.7976 0.8481 -0.1960 1.0678 0.2133 -0.7164 -1.4579 -1.1772 -0.1926 0.2404 -0.0755 -0.8179 -0.7292 -0.7229 0.2914 0.9478 -0.2719 -0.4516 -0.3590 -0.4246 1.1164 1.6014 0.1147 0.2376 -0.3930 -1.4829 -0.0196 0.7778 -1.6139 0.4006 0.6098 1.3234 0.3398 -0.7381 -0.4413 1.1285 0.4550 -0.4561 -1.2969 0.9474 -1.3659 1.1570 1.5617 0.2894 -0.1294 -0.8991 -0.1716 -0.3646 -0.8179 -0.0431 0.2126 0.9574 -0.5659 2.6300 0.4411 -0.6263 0.9249 -0.6914 -0.1587
1.2160 -0.8560 -2.4799 -1.3110 -2.0421 -0.2699 0.2300 0.4530 0.9887 -0.4470 2.1439 1.2703 -0.5664 -1.2410 0.9191 0.2916 0.4267 0.7449 0.7758 -0.8618 0.6119 -0.8020 1.0989 -0.3942 -1.4016 0.2145 1.1033 -1.2922 -2.2448 -1.1954 -0.6009 1.3131 0.7788 1.4812 0.7722 0.0019 0.1559 -0.5748 -2.4357 1.2114 -0.5325 -0.4585 0.0301 -1.2942 0.6234 -0.1127 -0.8122 1.0832 -0.6420 1.0424 0.7456 -0.3021 1.0267 0.3559 -0.5394 -1.5432 3.0952 0.1105 0.1483 -1.3142 -2.4790 -1.2152 1.2787 1.4415 0.0690 -0.7076 -0.5400 -0.9123 -0.7397 0.2761 1.0710 -1.0847 -0.1590 -0.6634 0.3540 -0.7127 1.6504 1.1469 0.9568 0.8394 -0.6796
0.4408 0.4694 0.7289 0.8200 -0.6669 0.5142 0.2482 1.1737 1.9601 0.4469 0.1694 -0.4478 -1.7190 0.0552 -1.5216 1.1489 -0.1895 0.9422 -0.6406 -2.0115 -0.1630 -0.3334 1.0539 1.1026 1.1046 0.5219 -0.1242 0.6395 0.0988 -1.2404 1.7671 1.1769 -1.3561 0.5021 1.2342 0.9756 0.6240 -1.4017 -0.3828 -0.4301 0.3117 -1.5664 0.8402 1.3242 0.6092 -0.7523 0.0580 -1.2614 -0.1083 0.3745 0.0250 -0.9785 -0.0590 -0.2603 0.2985 1.7159 2.3898 1.5852 -0.9249 0.1278 1.6938 0.2975 1.6334 -1.5449 -0.9291 -0.2850 -0.7869 -0.4845 -0.1617 -0.5013 -0.4310 1.4565 0.6089 -0.4181 0.7648 0.0078 -0.9289 -0.3412 0.6859 -0.8684 -0.1133
0.0589 0.5606 0.8233 1.0728 -0.3993 0.5536 0.3695 0.3413 -0.1575 1.4135 -1.1854 -1.4691 -0.5434 -0.9857 1.1098 -0.2106 0.7197 1.2337 0.1853 0.1369 -0.6013 1.0446 -0.6299 1.1198 -0.7906 -0.3730 -0.4852 -0.1347 -0.3061 -0.0404 0.8200 -0.1007 -0.0355 0.8989 0.1970 -0.6832 -1.9688 -2.0490 -0.2063 -0.8923 0.2344 -0.1737 0.5410 1.0603 -0.9550 -0.2791 1.5204 -1.7966 -0.4289 1.4969 0.4794 1.2035 -0.2385 0.0897 0.0854 0.0093 -1.0639 0.4310 0.6780 -0.5909 -2.0072 -1.5480 -1.5186 -0.4601 -0.7579 -0.0320 1.5710 -0.0093 0.9476 -0.1863 -0.3271 -0.2799 -1.8059 -0.2618 0.7661 -0.1916 -0.8031 -0.1040 1.6896 -0.1126 -0.9693
1.6223 -0.7583 -1.0365 0.3493 0.1230 0.4902 -0.6066 -1.3398 -0.7347 1.0453 -0.6372 -1.8427 1.0923 -0.6442 -1.0125 -0.1831 0.7052 1.1779 0.9478 1.4046 1.6897 -1.0442 0.0244 0.1329 -0.6763 0.7779 -0.3874 0.0944 -0.0757 0.2315 -0.5124 -1.3673 0.8760 0.0613 -0.4497 0.3126 0.4300 1.6186 1.2285 1.7723 0.0109 -0.5882 -0.0053 -0.2451 0.9934 2.3237 -0.8622 0.7130 1.6995 -1.2516 0.6783 -0.4702 1.0576 -0.0105 -2.6499 -1.0004 -1.8132 -0.7477 0.6757 -1.1102 -0.0418 -1.5165 -0.2403 -2.2574 1.1056 0.5203 -0.4870 0.2725 0.2773 -0.3742 -0.9018 -0.1509 0.6464 0.3636 -0.2937 -1.3067 0.3376 -0.3545 1.7605 0.9598 -0.0178
-0.0607 -0.6044 1.9139 1.1245 -0.4225 -1.4433 -0.0302 -0.6342 0.0118 0.3310 0.1456 2.2682 -0.7932 -1.2710 0.3568 -0.0944 0.5035 0.3566 0.4470 -1.4603 -0.2761 0.9737 1.0980 1.2903 0.9658 0.8915 0.4919 1.9685 0.2121 0.1400 -0.9611 1.6469 -0.4661 -0.4114 0.6059 -0.4913 -0.0173 -0.9185 2.3489 -0.9229 -0.5024 -1.0661 0.3281 -0.2732 1.6609 -0.0483 -0.5374 -0.6129 1.0704 0.7616 0.8432 -0.9523 0.9101 0.3777 -0.9152 0.7244 -1.3268 -0.7454 -0.0436 -1.7283 -0.9350 1.8444 -0.3847 -1.2147 -0.4685 -0.2800 1.2125 -0.5058 0.4835 0.6548 0.4069 0.4300 -0.2349 0.4925 0.7774 1.1719 -0.6112 -1.1216 0.1779 -0.2383 -0.2979
0.0792 1.5418 -0.9328 0.3223 1.4281 2.0022 1.0306 -0.4596 -0.7836 0.7431 1.7584 0.2441 1.3892 -0.3863 0.6188 -0.1289 1.0470 -1.1314 1.6729 0.2744 0.8439 0.5806 -0.2813 -1.3581 0.6520 -0.3909 0.2118 0.4949 -1.0375 -0.1315 -1.3373 -0.2651 0.1076 -0.5102 0.2926 0.9313 0.5750 0.5201 -1.4162 -0.3889 -0.5310 -0.1984 0.8591 -0.4389 -0.1234 -0.2553 2.2327 -0.6508 0.2503 -0.3113 0.6462 0.1729 0.6070 0.2860 1.1844 0.6027 -0.2545 0.0364 0.2634 -0.4564 0.0554 0.3105 -0.5647 -0.2789 0.6824 -1.0388 1.1716 0.2538 -0.5086 1.0231 0.8190 0.7429 -0.4115 -0.9917 1.1491 -1.0823 -0.2494 -0.5657 -0.2824 -0.3943 -0.7267
-1.4579 0.3813 0.5555 -1.5366 -0.6575 0.5790 -0.2438 -0.9748 1.4288 -3.1421 0.3959 0.3991 2.0787 0.4853 -0.4168 0.4243 0.3998 -0.1591 0.8924 -0.0219 0.7480 -0.0317 -0.7852 1.4506 0.3803 -1.9041 -0.4229 -0.4113 0.4343 -0.6793 2.6236 -1.4781 1.7003 -1.8668 0.6186 -0.7390 1.5369 1.1465 1.2131 -0.4616 0.0342 -1.2371 0.2135 -1.1554 -1.9691 -0.5056 -0.7028 0.2028 -1.0392 -0.9491 0.6126 -0.6538 -0.8939 -1.5689 1.0020 -0.3662 0.6854 -0.4704 -0.5942 0.6851 -0.0636 1.1919 0.1732 -0.5218 0.6746 0.1826 1.1926 1.0980 0.6717 -1.0703 -0.1722 -0.7033 1.1499 0.6833 0.3843 0.6001 -1.2873 -0.0739 0.5972 -0.1466 -0.2430
-0.0919 0.9623 0.6037 0.1197 -0.0634 0.7261 -1.6077 0.7319 0.4567 0.1551 -0.7572 -1.0937 -0.0859 1.3394 -0.7256 0.6489 0.3511 0.1156 -0.3702 -2.2239 -1.3002 -0.4874 -0.9723 0.3428 0.9372 1.1244 -1.2837 1.2104 0.1221 -0.7729 -0.6324 -1.0749 -0.9090 -0.1959 -1.1188 0.2804 0.8987 -0.7547 -0.5114 1.3829 0.3077 0.3573 0.4112 1.1415 -0.4427 -0.8350 -1.7926 -2.1433 -1.8737 0.5672 0.7499 0.5541 0.8234 1.6685 -0.2135 0.5164 -1.7727 -0.7316 0.8080 1.8399 0.3191 -0.6539 0.3472 -1.7868 0.4041 -0.4422 -0.9435 -0.1757 2.1932 0.1621 1.0665 -0.6755 0.5471 -0.8486 -0.7066 0.3016 -1.1511 -0.0270 -1.5698 -1.1761 0.9823
-0.8290 -0.3618 0.9947 -0.2145 0.3489 1.7684 -1.6461 1.0664 -0.7035 -0.1518 -0.0924 0.6515 -0.3274 0.4665 -0.1768 -0.3360 0.7082 0.8538 -1.2895 -1.2387 0.4322 -0.3211 2.4867 0.2842 -0.4591 -1.0200 -0.1041 -0.1305 -1.0036 0.1802 0.0485 -0.4009 -1.0428 0.2775 0.2098 -0.5901 -2.6927 1.5656 -1.8354 0.6560 0.5595 -0.0018 0.0250 0.3826 0.7948 -0.3238 -0.3415 -0.0754 1.2884 -0.3378 0.0381 -0.5446 -0.8404 0.8783 0.0343 -0.2056 -0.4297 0.8100 -1.3583 -1.2533 -0.6786 1.9761 -1.0391 0.6541 -1.3344 0.6950 0.4914 -1.5172 1.3003 1.4183 -0.1296 1.4868 0.8473 -0.1304 -0.0962 1.2867 -0.6107 0.3669 -1.3649 -0.1694 0.2471
-0.7826 0.3192 -1.1706 0.0086 -0.1623 0.0960 0.2293 -0.4871 -1.3384 -1.4711 0.3094 1.0800 -1.2958 -0.7055 -1.9021 1.4375 -1.1197 -1.6393 1.6349 0.8246 -0.7169 0.6510 1.8182 0.5888 0.6278 -0.6491 -0.3246 -0.2633 0.7150 2.8061 -1.0151 -0.2895 -1.0577 0.0728 1.7149 1.0225 -1.3250 0.1707 0.4479 -1.6812 0.8411 -0.4169 -2.3442 0.9929 -0.4051 0.4556 -0.6202 -0.7124 0.4845 -0.9287 1.1121 1.8118 0.5306 0.5088 -1.2170 -1.3951 -1.6721 0.8196 -1.2507 0.6545 -0.1633 0.8502 -0.7510 -1.1605 0.6653 -0.5730 -0.8981 -1.0379 -1.0237 0.1395 0.4378 -0.0234 1.1481 1.1680 -1.1293 -0.8204 1.1012 -0.6096 0.5990 1.2763 -1.9161
-2.2594 0.6101 -1.0885 -1.6245 0.1403 0.8616 0.8337 -0.4103 1.1699 0.9436 0.7135 0.8094 -1.2132 0.2246 1.8572 0.8334 -0.8272 0.6658 -0.6833 0.7244 1.3926 0.9653 -0.7527 -1.0951 -0.4549 -1.7485 -1.3450 0.6537 1.8960 -0.2617 -0.0372 -0.4659 -0.7642 0.9554 0.2303 0.8105 -1.6923 0.8235 0.5234 0.6439 0.1069 0.5384 1.2287 1.8204 -0.3369 0.4630 -1.0722 -1.3342 -1.3506 -0.4928 -0.0727 1.1816 1.1073 -0.3187 -1.8124 -0.5017 0.9551 -1.2575 -0.6332 -1.7595 0.7757 0.1859 -0.1651 -0.1528 -0.0331 -0.6226 -2.1800 0.5472 -0.6773 0.0849 0.9444 0.3237 0.7336 -0.4760 -0.1345 0.0628 -1.6817 -2.4658 0.5704 0.5829 1.4910
3.1639 -0.3034 0.4535 -0.6577 0.6852 1.2177 -1.3062 -0.0905 0.2445 -0.5209 -0.9492 -1.5184 -0.1484 0.6193 -1.3271 -0.0896 0.9257 1.0628 1.3235 0.8837 -1.3441 -1.5830 0.4047 0.4369 2.1413 0.4486 1.1026 0.2361 0.8462 -0.1382 2.0468 1.9868 1.4246 -0.6138 1.1924 -0.2881 0.3732 0.9046 -0.7978 -1.1960 0.5579 0.4232 0.7030 -0.7655 -1.1757 0.0895 -0.5144 -0.0061 0.5024 -0.3726 0.5025 0.3462 -0.2089 -1.0240 -0.4151 -1.5607 -2.6367 -0.0487 0.1632 1.6367 0.2168 1.1215 -0.0675 -0.3589 1.1118 0.6524 -1.7206 -0.7281 0.8928 0.6811 0.6366 0.5619 -0.5891 1.5580 -1.2467 -1.2552 0.5955 -1.7981 0.4420 1.4326 0.6636
0.0894 -0.0361 -1.8378 -0.2996 1.9216 -2.4706 -0.9428 -0.6524 -0.8712 0.3243 -1.2929 1.0604 0.7899 -1.0758 -0.9000 0.5452 1.1097 -1.1283 0.2359 1.4845 -1.7861 -0.3241 0.4137 1.0859 -1.0191 -2.0797 0.7300 -0.0585 -1.0018 -2.2025 -1.8569 -0.0604 0.4345 0.3997 0.0437 -0.9959 -1.4613 1.0879 1.5078 -0.0663 0.6112 2.3428 1.9177 -0.5780 0.0815 0.4289 0.8655 -0.5512 -0.6594 -0.7625 -0.1962 0.1563 -0.5567 0.4855 0.9556 0.7917 0.8553 -2.0542 -0.1611 -0.4951 -0.4380 -0.3792 1.6625 -1.4253 -0.9688 -0.9585 -0.8696 0.2676 0.2393 0.5655 0.2265 0.5479 1.0203 2.0141 0.5486 -0.1137 0.1801 -2.2572 -1.4751 2.0976 -1.4092
-0.0859 -1.3663 0.0951 0.3783 -1.1704 0.8878 1.2618 -0.5542 0.1254 -0.9538 -0.9040 0.6618 0.5702 -1.7259 -1.3155 0.2619 0.7296 1.3847 -0.1163 0.0663 0.3598 -0.6710 0.3861 -1.0413 0.8090 -0.7148 1.9261 0.0652 1.2454 0.5573 -0.7053 -0.1367 -0.0100 -0.5866 -0.5596 -1.0157 -0.6737 -0.0369 0.5965 -2.0968 -0.7320 -0.3713 1.2916 0.6243 -0.4219 0.9806 1.0580 -0.6544 -0.2660 -1.0187 -1.3207 -1.8174 0.3140 0.4495 0.1935 0.7861 0.4055 2.1571 1.1700 0.9520 1.0544 0.2752 -1.4611 -0.7237 0.3078 -1.7600 0.3860 -1.3869 0.0346 -1.4690 2.0632 0.9559 1.8740 -1.9800 -0.0847 0.1443 -0.0407 0.1333 1.4216 -0.1562 0.1223
-1.2661 0.8469 0.4983 1.7739 0.2337 -0.2384 -0.5131 -0.4000 1.2952 2.7554 -0.2591 -1.1594 0.4863 -1.3705 1.9900 0.5411 -1.3241 -0.8061 -0.2189 -0.6404 1.8218 0.3962 0.0251 -1.9737 -0.1598 -2.2712 1.4847 -1.3051 -0.2032 1.2500 0.9876 1.4192 -0.4519 -0.1703 1.2492 0.6629 0.1892 1.1276 -1.1254 -0.0501 -0.9275 -0.8361 -0.6539 0.7660 -0.2442 -1.2373 -0.0862 0.8065 1.1634 0.8825 -1.2597 1.6767 -0.2944 0.0198 -1.2923 0.3048 0.5327 0.7340 1.0309 0.0568 1.3765 0.1531 -0.5458 -0.1492 1.2843 0.5604 -0.8593 -0.1320 -0.4496 -1.9126 -0.6367 0.9000 0.4425 0.3074 -1.3785 2.6668 -1.2688 0.4449 -0.6693 -0.1175 0.0880
-0.4037 -0.9805 0.0558 1.0704 -0.8246 -0.2766 -1.4024 -0.3113 1.0712 -1.6081 -0.2946 0.3812 0.5005 -1.7962 -0.7967 -1.4329 0.9884 -0.9209 -0.1162 -0.0845 0.6351 -0.9317 1.5294 -0.1595 0.6178 0.5169 0.8236 -0.7798 -2.0057 0.9265 -0.4318 0.6657 0.5893 -0.5385 -0.2980 1.3648 0.2126 -1.3576 -1.5491 1.0534 -0.5383 0.9095 0.6216 2.0522 -0.1110 -1.2891 -2.0300 -0.3534 -0.5864 -1.0058 1.2783 0.2881 -0.1737 -0.0589 -2.1858 -0.8928 1.1113 1.1835 -0.3302 1.6654 -0.4434 0.7473 -0.0352 -0.6961 -2.1080 0.5858 -1.6078 1.4531 -0.3777 -0.5325 0.8421 0.5222 1.6158 0.1033 -0.6392 1.1768 0.4129 -0.7369 -1.0398 0.3287 -1.5075
-1.1215 0.4303 0.3681 -1.1322 0.5499 -0.4121 -1.7517 -2.6985 0.5334 0.9455 -0.4026 0.5555 -0.3908 0.9913 -0.7673 0.2936 -1.0501 -0.1541 1.2534 0.8131 1.0628 -0.0120 -0.9186 -1.1162 -0.8877 -0.5086 0.0449 0.2911 -0.1536 2.2843 -1.3924 -0.5770 -1.7869 2.2771 0.2868 0.2898 1.1072 0.7430 -1.0976 0.9228 2.0061 -0.2160 1.6740 -0.7505 0.9153 1.4069 -0.6940 0.6305 -3.8305 0.4062 0.8811 -2.6522 -0.6770 1.0220 -0.5768 -0.0628 0.2133 0.7707 -0.4134 -0.0153 -0.8980 1.2045 -0.7183 1.2549 -0.5154 0.8264 0.2787 -0.3947 -0.3575 0.7287 -1.6298 0.7089 0.1718 -0.4208 -1.2282 0.6114 -1.7437 -2.3712 0.0252 -0.7953 -1.1669
0.1144 1.7657 1.0659 -1.2083 -1.1694 2.8803 -1.4115 -0.5233 0.5493 0.1513 1.8020 0.8651 -1.4972 0.3885 0.6787 -1.7633 -0.5076 -0.7296 -0.4962 -0.6435 -1.4821 -0.7462 -0.4436 -0.5834 0.8666 1.2946 0.4740 -0.6025 0.6243 0.7182 -0.1286 -1.3708 0.2367 -0.0924 -0.6871 -0.8911 -0.3301 1.0597 -0.4024 0.7643 -0.3471 -0.1669 2.4849 0.1654 -0.1484 -0.5634 0.6902 0.3133 -0.2610 0.6820 1.0906 0.6961 0.0166 0.0167 -0.3716 -2.0118 -1.6918 -0.1601 0.7469 -0.1679 0.9518 2.1462 -0.7666 0.1360 -0.1395 -0.7542 -0.8308 0.0629 -0.5364 2.0703 1.0507 2.2500 0.2073 -0.5702 1.6635 -1.9636 -1.0255 1.0062 -1.2196 -1.5645 -0.5142
0.0604 -0.2722 -1.7852 -0.8075 1.4334 -1.4764 1.4728 0.6640 0.5106 2.0935 1.5286 0.7767 -0.5374 0.5143 0.7197 -1.5175 0.3156 -1.4332 0.5944 1.3146 -0.7327 -1.7514 2.0683 0.2233 -1.6337 -1.4949 -2.0309 0.7104 1.1113 -0.3353 1.2047 -1.4973 -0.3230 0.0675 0.6822 -2.1395 0.0397 0.9129 1.1858 -1.1091 1.8228 1.2459 1.0323 -1.4333 -0.2453 -0.1674 -0.7631 -0.1217 -0.3530 -0.7606 0.8023 0.9305 -2.7262 0.4909 -0.5009 -1.1333 -0.1659 -1.0119 0.2977 0.6335 -0.6108 -0.2332 1.8103 -0.1422 -0.6519 0.0826 0.5693 -0.8101 2.2491 -0.7101 2.4004 -0.2433 1.6605 -1.1900 0.8597 0.0507 0.2565 0.0337 -0.1762 -2.6631 -1.2531
