51
0.6138 0.6500 0.7109 -0.9428 -0.5368 -0.8206 -0.9992 -1.4709 0.3560 0.9277 0.3321 1.0572 -1.4725 1.7971 -1.2604 0.0138 -0.3673 0.4808 -1.3874 -0.3136 0.1325 -0.7054 -0.7209 -0.2340 -0.3169 -0.6277 -2.7095 1.6371 0.9883 0.7117 1.6872 0.0819 0.6765 -0.5435 0.8035 -0.8979 -0.6130 -0.3812 -0.2625 1.0366 -0.9752 0.8700 -0.1405 -0.4151 1.6159 1.5290 -0.9381 0.3421 1.7217 -0.3636 -1.1369
0.2267 -0.5115 2.2986 1.6355 -1.3391 -0.0547 0.3953 -0.7606 -0.4924 0.5774 -1.5507 0.9269 0.8304 -1.3726 -0.9212 0.0257 -0.4648 1.6019 0.8868 -0.9739 -0.4120 0.0099 -0.5516 1.8847 0.0945 0.4203 1.0056 -0.5327 -0.2541 1.8843 -1.0667 -1.4811 1.0189 0.7344 1.1615 -0.1489 1.2092 -0.2758 0.1480 0.5235 0.7770 1.1729 -0.3555 -1.2549 -0.7352 0.2880 0.0175 -0.2017 -1.1662 -1.3413 0.0596
-1.3540 1.2139 -0.1064 1.0477 1.3309 0.4334 -0.3650 -1.4111 0.0050 -0.4387 -1.3570 0.2074 -1.5053 0.9091 0.2603 -0.1329 1.9364 1.6114 -0.5067 -0.4571 1.3225 -1.1600 -0.5673 0.2655 0.7079 -0.2813 0.2798 1.2335 -0.6708 0.7576 -0.4839 -0.2651 0.8742 -0.2149 -0.6563 -1.1439 -0.7939 0.5475 0.6061 0.8517 -0.3876 -0.7272 0.1439 0.0755 -0.2807 -0.1639 1.6689 -1.3357 -0.3406 0.3191 0.7174
0.4916 -3.0716 -0.9787 -0.4651 0.3042 -0.9111 1.1350 -1.2461 -0.3866 -1.7857 -0.0520 2.4469 -0.4531 -0.5488 0.6329 0.2341 -0.5330 0.3373 1.7869 0.4584 -0.4856 0.7718 -0.5700 0.8122 0.2859 -0.3067 -1.1775 1.9766 0.1782 -0.8826 0.4335 0.1218 -0.6044 -0.1266 -0.7563 2.1837 -0.6108 0.5677 -0.7090 0.1746 0.1254 1.4290 0.8217 -0.5950 -0.6932 1.3125 -0.2243 -0.8353 0.6877 -0.1431 0.6488
0.8519 0.6247 0.5876 -1.0662 1.8586 -2.4269 -0.4835 0.1422 -0.2727 1.0985 2.6456 -1.4444 0.6505 1.1596 0.2676 -1.1412 0.6521 -0.2582 1.3916 0.8608 0.9251 -0.3625 0.3800 -0.5765 0.5704 0.7892 0.9599 -0.4363 -0.5990 -0.9819 0.1672 0.7845 1.6634 -0.1561 -1.5218 1.8532 1.1300 -0.7027 -1.5024 0.1525 0.6114 1.1926 1.2498 0.6528 1.4753 -1.0112 1.8722 0.2355 -2.8572 -1.2960 0.1051
1.1747 -1.0218 1.2522 -1.4240 1.8844 -0.5446 1.1365 -0.3987 -0.6726 -0.5119 -1.5819 -0.4573 2.5333 0.5628 0.2463 0.5109 1.5017 -0.6178 -3.1170 1.7194 -1.4132 1.1082 1.4795 0.5912 0.9177 0.7768 -0.4412 0.0403 -0.3408 1.4618 0.8000 -0.3122 0.7822 0.5377 -0.1443 -0.2036 0.6197 -1.6505 -0.3021 -0.7849 0.0455 -0.3625 -0.4050 -0.0163 0.6655 0.2069 -2.4773 -0.3318 2.7974 -0.8503 0.3704
1.0300 1.0285 1.6689 -0.8688 -0.1537 0.1244 0.3489 0.3101 1.1304 -0.4824 0.1440 0.1119 0.5558 -0.0690 -0.8673 2.1138 0.7594 0.6000 0.8262 0.5507 -0.7848 0.4022 -0.9868 -1.0177 -1.6634 0.1217 -1.2018 0.4360 -0.2271 0.7502 0.8134 -0.2173 0.5039 0.0567 -1.4654 0.1052 0.0708 1.2483 -0.3895 -1.2548 -0.2804 -1.0285 0.3772 0.6444 -0.2198 -1.3059 -0.1446 -0.5606 -0.1791 -0.4859 -0.2563
0.1591 -0.9836 0.2180 -0.7538 0.3616 0.8789 -0.4631 -0.6603 -1.1774 -1.6559 0.6384 0.0517 0.1632 -1.1715 0.9984 0.6062 -1.4270 -2.8277 -0.6202 -1.4553 0.9637 0.2446 -0.5444 -0.1728 1.5010 -0.7418 -1.4902 0.2609 0.0292 0.8581 -0.2861 1.7199 0.3802 -0.6836 -0.9731 -1.6258 -0.1655 1.2954 -1.1779 1.0147 0.4365 0.3001 0.7934 0.5574 -1.1329 -0.7363 -1.3733 -0.4111 -1.0561 -0.1125 -0.0427
-0.0122 1.0860 -0.9877 -0.7353 -1.0127 -1.7647 0.1081 0.4764 -0.5815 -0.6354 -1.3353 0.1601 1.1571 0.4093 0.9733 0.2741 -1.2827 -0.0059 -1.3319 0.2231 0.8066 -0.0381 -0.3834 -0.3980 -2.0765 -1.1448 2.1281 0.2994 0.7022 1.5449 -0.8673 -0.1277 -0.6251 1.9977 -0.2274 0.6910 -0.5792 1.3591 -0.0871 -1.0551 0.2310 -0.1782 1.4454 0.4689 0.5481 -0.5933 -1.4187 -0.2617 0.4698 -0.5722 0.6483
0.4057 0.0852 0.7269 -0.4585 -0.3401 -1.4755 -1.4971 -0.0932 1.2147 1.3003 0.5865 -0.0018 -0.6325 -1.8146 0.9121 -0.3758 1.5339 0.3290 1.0209 -1.1515 -1.9046 -1.6133 1.1425 -0.0511 -0.7843 -0.0508 -0.1518 1.6075 0.1334 0.5309 -0.3386 -0.5725 -0.4803 -0.6347 -0.9679 1.8501 -1.5433 -0.5408 -0.3029 0.0240 -1.3461 -0.6086 -0.6021 1.0448 0.0437 -0.8893 1.0341 -0.7485 -0.4563 0.5887 0.4007
-0.3709 -0.1357 1.5065 0.2027 -1.5133 -0.1219 -1.2271 1.0281 -1.4990 -0.1172 0.1530 -0.1863 0.4577 0.9527 -1.3427 -1.1091 0.3254 0.0550 0.4454 1.1974 0.3429 0.8982 2.2008 0.4396 0.0318 -0.3197 0.1977 -0.3369 0.4254 -0.9698 -0.1769 -1.1594 1.2682 -1.1526 1.1486 -0.2533 1.2247 1.3876 0.7137 -0.0250 0.4822 -0.0925 0.9675 0.7841 -0.6466 -0.2702 -0.5716 -0.0082 -0.0164 -1.0127 -0.1812
0.5806 -0.6027 0.0451 -0.0732 -0.6991 0.2378 0.5885 0.1663 -2.2130 -0.2417 -0.4936 -0.3138 0.2441 1.1044 -0.7554 -0.4058 1.3280 -0.4798 -1.7004 -1.1232 0.2220 -0.6234 0.1928 1.0096 0.8464 0.0296 1.4800 -0.1236 0.5506 1.0842 0.8299 -0.9603 2.5289 0.7314 0.3342 0.0340 -0.1531 -0.3740 -0.9310 -0.1127 2.1334 -0.0272 0.3987 0.0212 -0.1634 0.1579 0.3838 0.1897 -0.6215 -0.1020 -0.4231
-0.8066 -1.5325 -0.6651 -0.5743 -0.9696 -0.6532 0.0152 1.1837 0.8254 0.3368 -0.6487 -1.2963 -1.0662 -1.2469 0.9925 -0.6921 -0.1996 -1.7873 -0.6081 -1.7192 -1.7122 -0.6873 0.1608 0.4812 -0.1769 0.2125 -0.4056 1.0376 0.3875 -0.0679 1.8634 1.1701 0.1397 -0.4113 -0.4259 2.5065 0.0276 1.1116 -0.1920 0.3937 1.5661 0.7097 -1.6260 0.6455 -0.4550 1.3706 -0.2780 -1.5906 -0.0841 0.0770 -1.7924
-0.2260 -0.2827 -1.1799 0.6525 0.0567 0.3974 1.7744 0.5798 0.0191 2.3180 1.9605 -0.8234 -0.6611 1.9989 -0.2468 0.5106 -0.7278 1.1069 0.5983 1.5022 -0.1800 -0.0009 -1.3441 -1.1695 -0.8702 1.9242 0.5200 0.8771 0.9498 -0.3010 0.6989 2.0521 2.1146 0.8151 -2.3229 0.6666 0.2192 -2.5598 -0.0258 -0.5699 0.3360 0.5053 -0.8602 1.2427 0.2889 2.1680 -0.5210 -0.2626 -0.9229 -0.4712 -0.4637
-1.2921 -0.1564 1.3409 -0.2530 -1.0497 -1.5331 -1.5125 -0.2606 -0.8564 -2.1679 -0.2247 2.3229 -2.0608 0.0163 0.4144 -0.5677 1.2594 -0.6370 1.1547 0.4124 1.9489 -1.5458 -0.7037 0.8632 0.3543 -1.6580 0.1180 0.6972 1.1086 0.2789 0.3301 -0.4599 -0.2163 -0.7792 -0.4115 -0.9425 0.3587 -1.2065 -0.0672 0.9800 -0.3779 -1.6319 0.0169 -0.4630 0.4875 0.5785 -2.5320 0.3985 1.4156 2.4780 0.7037
-1.0617 2.1942 -0.0515 -0.2769 2.6334 1.2227 -1.0599 0.2241 -0.2925 -0.4697 0.0600 -0.6510 -1.0393 -0.1743 -0.7012 -0.0397 -1.1714 -1.1107 -1.3151 -1.0418 1.1944 1.0818 -0.1319 -0.2981 1.0122 0.9733 -0.5230 -1.0806 0.4365 1.1785 -0.1797 0.1028 -0.3353 0.5844 0.2127 0.2751 0.9228 1.5570 0.3438 0.8787 -0.1081 1.0330 -0.2253 -0.1144 -0.9962 -2.0526 -0.3529 -0.8257 -0.5785 -1.6721 -1.0078
1.2286 0.1982 -0.0995 1.2407 0.6134 1.4847 -1.4271 1.1256 0.2344 0.2915 -0.5055 0.7266 -0.4256 0.0441 0.1533 0.5836 0.4985 0.9718 0.4179 1.0975 1.2882 -0.7334 -0.9018 1.5437 0.3645 -2.7796 0.5904 -0.2120 -1.4729 0.8989 -1.4953 1.8457 0.4250 0.9125 0.2200 0.4892 1.7884 -0.7452 -0.6565 0.4728 1.4088 1.4927 1.2475 0.4558 0.3352 -0.2662 -1.0612 -1.0146 -0.1310 -1.7212 -2.1813
-0.0333 0.3841 0.3766 1.1054 1.0844 -0.6401 -0.1773 -1.3633 0.2738 -0.6334 -0.0032 0.2843 -0.9583 -0.1963 -0.8863 -0.8069 -1.0074 0.0135 0.1930 0.6656 -0.4060 1.0686 0.8338 -0.8413 -1.5874 0.4697 0.7755 1.0115 0.8032 -0.2131 2.9524 0.5388 1.9470 0.4990 0.3942 0.2172 0.1620 2.0376 -0.4929 0.7892 -0.1938 0.1163 0.4821 -1.3104 0.9314 0.6408 0.9136 -0.9219 0.9463 -0.0206 -0.1682
-0.4784 1.9353 0.9746 -0.8932 0.9718 -0.8651 2.0514 -0.5928 0.7650 -0.1759 0.5820 0.4343 -1.2548 -0.1590 -2.5133 -1.2473 -1.2699 -0.3989 -0.2277 -0.7015 1.3552 0.0862 -1.5838 -0.1474 0.9447 -0.1011 0.4930 -0.9616 -0.3110 0.5117 -1.8224 1.6136 -0.1783 -0.4124 0.4187 0.3933 0.4361 0.6202 -0.6741 -0.7639 -0.7317 -2.3103 -0.8598 -0.0408 -0.7847 0.1569 -1.9399 -0.4517 0.9610 0.5335 -0.3723
-2.2365 0.9868 0.9073 -1.9857 0.3254 -0.9456 -0.3529 -0.4533 2.4780 -0.6564 0.0020 -0.9816 0.9234 -0.5954 -0.9320 0.7873 1.2794 1.1336 -1.2838 -1.9549 -1.7042 0.4398 0.0045 -0.5556 2.2699 0.0202 -0.8118 -1.4636 -0.8990 -0.3236 0.3199 0.6967 -1.4564 0.2456 0.2362 0.6854 0.3016 -0.7281 -1.1613 -0.6768 0.6850 0.4066 -1.1120 1.5290 1.3417 0.7273 0.7314 1.0874 0.1733 0.0318 -0.0734
-0.7366 -0.2629 -0.3492 0.4463 1.1424 0.7134 -0.9471 0.9975 1.2021 0.4353 -0.5166 -0.7899 0.4914 -1.2471 0.4577 -0.0596 0.6706 -0.2015 2.4698 -1.8238 0.3360 -0.1907 -2.1119 -1.2568 -0.8009 0.2003 1.3933 -0.5238 0.2864 0.5638 -0.3632 1.3779 2.9847 -0.3599 -0.8347 -1.0391 0.1400 0.6971 1.6552 0.3731 1.6303 0.2641 0.0357 0.0957 0.1014 -1.5649 -1.4705 -2.1705 0.9381 -1.0627 1.3809
-0.6659 0.7925 0.1775 0.4428 -2.5346 0.4093 -1.4374 1.0005 0.5993 0.4521 -0.2947 -0.6006 -0.4822 0.1909 0.3630 -0.6238 0.1538 2.6049 -0.8829 -0.9865 0.0638 -0.1951 0.1627 1.5476 -0.1155 0.3503 0.7463 0.4923 0.3525 1.0137 0.1901 -0.1704 -0.6513 -1.4368 -0.2271 -0.3368 1.5093 -1.4457 1.9167 1.9136 -1.3551 -1.3861 0.8403 -0.3233 -0.6902 0.4183 -0.9526 -0.6077 0.9721 0.3466 -2.5204
-0.9861 -0.2348 1.2354 0.2181 -0.3094 0.1833 0.5965 -0.5071 0.1921 -0.7980 -0.2247 -0.5578 -0.0666 0.8572 -0.9360 0.0545 0.8090 -0.5056 -0.6314 0.5821 0.2278 -1.2380 0.0754 -0.9610 -1.2219 -1.8421 -0.4723 -0.0394 -0.0430 -0.8376 -0.1566 1.5606 1.2057 1.0815 1.0202 1.9727 0.5890 -0.2621 1.6045 0.3503 -0.1171 -0.9583 -3.1761 -0.5262 -1.4717 -1.1213 0.0018 1.7143 -0.6276 0.6034 -0.3993
1.6659 0.1292 -0.2794 -0.0825 0.2938 -0.6162 -0.9719 0.7352 0.0316 0.9503 -0.6444 -0.3192 -0.2746 0.0259 0.4738 1.1663 1.3581 0.4926 -0.2468 -1.0931 -0.5683 -0.4044 -0.0562 -0.2368 -0.3194 -0.7011 1.7172 1.2366 1.6853 0.1505 -0.7063 1.0419 0.6535 -0.5181 0.8779 0.5221 -0.2902 0.4052 -0.0734 1.4960 -1.3382 -0.5950 -0.7251 -0.3180 -2.0920 0.8386 2.3660 1.1124 -0.3070 2.9517 1.4856
-2.1091 -2.3063 1.4359 0.9167 -0.8735 0.0377 -0.3036 2.1821 0.6887 -0.4626 1.1295 -1.2822 -1.0213 -0.7490 0.6991 0.4017 -1.4515 -0.3478 1.3167 -0.9532 0.5924 -0.3284 0.3546 0.0487 0.2503 -0.2609 -1.0451 -0.4754 -0.3459 -0.6003 -0.8174 -0.5739 1.5698 -1.8860 0.3484 0.5520 -0.2896 -1.3660 0.3212 1.6382 1.2524 -0.1835 0.8151 -0.4226 -0.6182 -0.3342 1.4967 1.5247 0.0487 0.4656 -0.5193
0.0775 -1.7502 -0.3936 0.1414 0.1562 -0.3735 0.1318 -0.3864 -0.0110 -0.8065 0.1858 -0.1027 -1.0927 -2.2425 -0.4156 1.0490 -0.7794 1.0387 -0.1882 -1.1932 -1.8419 -0.4188 -0.2721 -0.4619 -0.2574 -0.2081 -0.2076 -0.7459 1.1813 0.4063 0.1415 0.1601 -0.7117 -0.8930 0.5146 -0.5667 1.5187 1.2480 0.3788 1.1390 0.3049 -0.8095 0.8250 -0.4159 0.0818 -0.9551 0.0097 -1.2929 -0.2343 0.8641 2.2813
-2.6226 -0.8310 2.2716 0.1089 -1.2657 -0.7983 -0.5848 -2.2338 -0.3175 -0.0748 -0.6415 -0.6843 0.8831 -2.6310 -1.5465 0.1901 -1.3828 -1.3920 1.6784 1.3984 -1.2063 -0.5411 -0.0193 0.4419 -0.3375 -2.4647 -0.0516 0.1624 -0.5513 -0.2202 -0.7275 -0.5460 2.3439 -1.0466 0.2378 1.4079 0.6890 0.9026 0.1678 0.4804 -1.0207 -1.1604 -2.8278 0.7254 1.2054 2.4339 0.6145 -0.6190 -1.9253 -0.3604 -1.1131
1.3274 1.1048 -1.4098 0.1379 -1.2214 -2.5283 -0.4280 -0.2300 0.4954 -0.2397 -0.3811 -0.6680 -0.2086 -0.7555 -1.8680 1.8310 -1.7462 -0.7855 0.8324 -1.1515 -0.7906 -1.7227 0.1476 0.0419 -0.3043 -1.3702 0.2657 -0.0301 -0.3201 1.5802 1.8314 0.5146 1.0490 1.0292 0.1140 0.1418 0.2964 0.1313 -0.1388 0.5659 -0.5049 -0.4342 -0.1236 1.9492 0.9811 -1.1449 -2.7555 0.5903 0.2825 1.4698 0.9335
0.0752 0.7911 -1.0332 -0.4090 -0.3246 -0.4298 1.0361 0.7752 0.0562 -1.3108 0.8563 0.0012 1.2735 1.5329 -0.4746 -0.5738 0.5114 1.0502 0.7250 0.3111 0.7151 1.2409 -0.4004 -0.1524 -0.8659 0.7898 1.7043 -1.3640 0.1220 0.2004 1.1876 -0.7421 -0.3891 -1.0180 -1.2200 1.0761 0.5905 -0.3302 -0.3002 -0.0022 0.8789 0.3767 -0.6229 -0.3443 0.5363 -0.7329 2.1280 0.2799 0.8436 -0.2321 0.4749
-0.3097 -2.1328 -1.0902 0.3145 -0.4768 -1.0094 0.9015 -1.5502 1.7995 -1.8114 -0.8588 0.2959 -1.1857 1.6264 -1.5958 0.7563 0.0307 0.9085 -0.3598 -1.4251 -1.0088 -0.2839 0.0911 -1.8325 -0.3648 -1.9554 1.0193 -0.0469 1.5529 0.3920 -0.1942 -0.0771 -0.2415 1.3427 1.5868 -0.7518 -1.1747 -0.3164 -0.6058 -0.8740 -0.8259 0.2483 1.2141 -1.1123 0.2439 -0.8439 0.3290 -0.0838 1.1998 1.5554 1.3401
-0.6804 1.8310 1.1875 -0.5894 1.8965 1.0859 -0.2338 -1.0917 0.3731 0.6127 1.4355 0.8636 -0.5290 1.3967 0.2583 1.1764 -0.9360 0.6886 0.0300 -0.3694 0.5012 0.7114 -1.4260 -0.3067 0.5803 -1.6276 -0.6304 0.0734 -0.8505 -0.3255 -0.2437 0.4826 -0.5510 -1.0723 0.5378 0.4143 1.3620 -1.9545 -0.0101 0.5828 -2.0097 1.6622 -0.1140 0.1577 0.9347 -0.1360 -1.3992 0.1518 -0.5236 1.1752 -1.6336
1.0540 -0.7911 -0.3443 0.2997 0.2032 0.1565 1.4565 1.2444 0.7074 -0.5983 0.1199 -0.9125 0.6934 0.6091 -0.5855 0.3095 2.4764 1.0275 1.0424 0.2767 0.3625 0.3419 -1.4828 0.8268 -0.6479 -0.6026 1.1174 0.4473 1.4712 1.1725 -1.4766 -1.1683 0.1411 0.7834 1.4443 0.0598 -0.9964 1.1969 -0.0083 -0.3427 0.4765 -0.7717 -0.1397 -0.2046 0.8602 1.3019 1.1162 -1.0810 1.0691 1.6402 1.5502
0.3451 0.3471 -0.0721 -1.3727 0.0255 0.1043 -2.1461 -0.3787 -1.3911 -0.4236 0.5399 -0.3255 -1.0537 -0.6139 0.8670 0.7000 -0.2932 -0.5078 1.1636 -0.0311 0.3512 -0.5624 -2.1351 0.1811 0.7956 -1.0850 -0.0218 -0.2298 -0.9184 -3.0626 -0.2455 -1.2999 1.3207 2.3091 0.3512 -0.4550 -1.1142 0.4560 0.0993 0.0067 0.3325 0.2272 -0.8169 0.6218 -1.3964 -1.7910 -1.1237 -0.7788 2.3656 0.4932 0.2040
0.4204 0.9857 0.6713 0.9051 0.8338 -1.5216 1.0436 -1.4896 -0.2112 -0.1518 0.1846 -1.0058 -0.2729 1.7742 -0.3197 -0.7103 1.1929 -0.2561 0.2713 1.8853 -0.3334 -0.0091 -0.4021 -1.3131 -0.8079 -0.5974 0.4950 1.6056 -0.8241 -1.3202 0.1910 -0.0836 -1.2675 -1.3214 -1.5434 -0.8993 -0.0425 0.4690 0.3631 -1.1623 0.0459 -0.6396 -1.3228 -1.1643 -0.4306 1.0903 -0.8663 -0.0182 -0.9623 -0.7920 -0.3676
-1.8321 -2.1776 0.4890 -0.6081 -1.0157 0.7700 1.2127 -0.3541 -0.3994 -1.8781 0.1791 -2.0750 0.5530 0.3072 0.6163 -1.3897 -0.1049 -0.7141 0.6180 2.7587 0.7831 0.5719 -0.7740 -0.0135 -0.4223 0.8951 0.2068 0.8498 -0.0746 1.0953 0.1551 -0.0983 1.1180 -1.2488 -0.3885 0.4954 -0.7552 2.2183 0.8222 2.4254 0.6841 -1.6057 0.2752 -0.2892 0.5107 -0.1853 0.1311 -0.6513 -2.4706 -0.6317 -1.1481
-0.3686 -1.3038 0.1325 -1.0868 -0.7218 0.3105 1.0268 1.8076 1.7938 1.8210 1.5116 2.2528 -0.4370 0.9919 -1.2929 -0.2588 0.8283 0.2560 -0.7756 -0.4178 -0.7594 0.0914 0.1791 -0.9021 0.5115 1.7408 -1.4130 0.4750 -1.0081 -0.1510 0.1126 -0.5178 -0.8539 -0.2152 0.9896 1.1671 -0.1092 0.0752 0.1598 0.0730 0.5272 1.8612 0.2678 -0.0387 0.0808 0.0565 -0.6606 0.0814 -1.2568 -0.5027 0.4769
0.5593 -0.3724 -1.1240 0.3417 -0.1765 1.7925 -0.1038 -0.0888 0.2416 -0.3440 -0.1852 0.6830 1.3248 -1.7018 -0.6203 -0.4900 -0.3287 -0.4017 0.1325 -1.6334 -1.5721 -0.4646 -1.1574 -1.1102 1.1573 0.7535 -2.7345 -0.8745 -2.3698 0.5319 1.3711 -0.4837 0.7203 1.8379 0.5929 -0.2361 -0.9818 -0.1751 0.7999 -0.0123 1.2169 -0.7727 0.7583 -1.1932 0.6298 -0.2622 -0.8289 -1.6867 -0.4754 0.3782 1.0228
-0.1712 -1.0337 -1.0474 0.2701 0.0806 -0.3821 0.6743 0.4633 -0.2101 -2.1572 -0.6018 -0.6124 -1.3124 -0.9213 -0.7614 0.7948 0.4362 -0.8428 -0.9599 0.5066 0.5506 0.1049 0.1974 -0.2710 1.4158 -0.4605 1.0374 0.9978 -0.1056 0.2537 -0.4429 0.1904 -0.4260 0.0369 -0.6690 -0.3518 0.0211 -0.4884 -0.2322 -0.7345 -0.0073 1.0948 -0.4423 -0.2649 -1.2225 -0.7484 1.5460 -0.9197 1.4176 -0.2133 0.1957
-0.5208 -0.6222 0.3468 1.4246 -0.5518 0.3985 0.1767 1.2483 -1.6200 -0.8337 0.4751 1.0652 0.5909 -0.5291 0.0674 0.7105 0.6211 0.0079 0.0576 0.8994 0.2669 -1.0676 0.2782 0.0949 -2.0368 -2.3257 -0.2573 -1.1204 2.2472 -0.4959 -0.8074 0.0268 1.3829 -0.1875 0.5085 -0.5537 0.8509 2.1346 0.0072 0.8468 -0.2879 0.9527 0.1752 -0.5425 -0.5148 0.4677 -1.4771 0.0045 0.2869 1.5548 -0.6828
-2.3382 0.6024 0.4976 -0.4514 -0.7433 -0.7116 -0.2487 0.1087 -0.2370 0.1302 2.6465 -0.9683 0.2529 1.0903 0.4877 -1.3469 -1.1484 -2.1882 0.5301 -1.9414 -1.1421 3.1238 1.1549 0.6388 0.2220 -0.3794 0.2149 1.3853 0.6259 -1.4049 1.4831 -1.2399 0.4594 -1.4542 0.4116 0.0729 -0.0134 0.2642 0.6506 0.3928 1.4501 0.3588 -1.0892 -0.6552 -0.0557 1.2528 0.2594 -0.3147 -0.2360 -1.6358 1.4035
-0.0082 -1.8979 0.6144 -1.8500 1.1563 -0.3919 -0.0102 -1.2240 -0.3150 -0.4393 -1.1750 0.7931 0.3119 1.1780 0.6926 -0.8309 0.1661 -0.6255 -0.4011 1.1045 -1.4968 -0.1234 1.3432 0.6215 -0.4498 -0.0430 -0.5611 -0.7827 -0.3716 -0.0149 0.3917 0.3522 -1.2464 1.9036 -2.2876 1.5124 0.3054 0.7197 -0.7183 1.7200 0.0435 -1.4946 -0.6928 -1.0843 -0.0873 0.0981 1.0319 1.1096 -0.5227 0.4994 0.5480
-0.8752 0.8381 -0.5088 -0.6838 -0.7392 0.7707 1.5503 -0.9369 -0.4709 1.9512 1.7732 -0.4441 -0.6601 0.1471 -1.1875 -0.2757 -0.1528 -0.6411 -1.1944 0.1381 -1.1278 0.9586 -0.4291 -1.3150 2.4981 -1.3375 1.4835 -1.3412 0.0422 0.3491 1.1869 -0.1386 0.6515 -1.4946 1.4622 0.4947 1.0703 0.4389 0.9525 0.0953 -0.9672 -0.5941 0.2154 0.2245 -0.0986 -0.4525 0.7007 -0.2116 0.8372 -0.4954 0.0908
0.9160 -0.6829 0.3441 -0.0170 1.5669 0.3945 0.9138 1.0889 1.2831 0.6331 0.2438 0.0199 -1.4065 1.5611 -0.6577 -1.3263 -1.4984 1.4942 -1.1807 -0.8777 0.1362 0.3485 -0.5595 -1.8690 0.9471 -1.5053 -1.1441 0.3657 1.0962 -0.7363 0.1655 1.1085 -1.2722 0.5177 -0.8991 0.9568 -0.0068 -0.7447 -0.3818 -1.6129 1.3722 0.4073 0.0781 -0.2226 -0.7277 1.4706 0.7471 0.6063 -1.1605 0.1182 -0.5222
-1.3286 -0.5809 0.4921 0.2955 0.5487 -1.5508 1.4793 -0.0464 0.0671 0.0020 -0.2183 0.2663 -1.0884 0.4532 -0.1510 0.3204 -1.3816 0.8846 -0.1392 1.1398 0.0674 -0.2771 0.1275 0.7467 0.8956 0.5622 0.1012 -0.3882 -0.9011 0.2476 0.0131 -0.7440 -1.6667 0.8828 2.1318 1.2493 0.6945 1.1381 1.5773 -1.7390 0.2392 0.2173 -0.8661 -0.3375 -1.3636 -0.8873 -1.9797 -0.8788 -0.1304 -0.6965 1.0389
-1.1194 0.5119 -0.7257 -1.5315 -0.7886 -0.6635 1.0675 -1.4997 -0.9041 -0.7231 -1.4127 1.0073 0.1355 0.1754 -0.1713 0.1940 1.2398 -2.2166 0.4436 0.9775 -2.5720 -0.0712 -0.6045 0.8433 -1.3754 0.2098 -0.2095 -0.0467 -0.2744 1.3803 -0.6334 0.2123 1.5640 1.7677 0.8275 1.4112 -0.2438 -0.2022 0.7241 -0.8323 1.2846 -0.0686 1.6852 -0.0425 -1.2981 -0.4985 -0.7568 0.7061 2.7247 -0.5526 2.6514
0.4868 -0.1243 -2.9305 -0.2686 0.9331 0.2558 -1.1909 0.2978 -0.1523 0.2602 1.2908 0.5556 1.8785 1.7933 -0.5537 1.2564 3.1955 0.7497 -2.0720 -3.2908 0.3134 2.5429 -1.6245 -1.2788 -0.6150 -1.7851 -0.4163 0.3422 -1.7163 -0.7365 1.7612 -1.1506 1.3935 1.6476 0.6006 -0.7508 -1.0183 -0.6668 -0.9588 1.5502 -0.8817 -0.4386 -0.0036 0.4306 1.1059 0.1004 -1.6562 0.7990 -1.7570 0.8399 2.0130
0.2926 -0.1611 -0.3946 -0.4984 0.5822 0.6311 0.8066 -1.4087 -0.1534 1.3211 0.1683 -0.0174 1.5368 -1.0677 1.0154 0.9970 -1.0720 0.0988 1.1758 -2.3800 0.2075 -0.0881 -0.1767 -1.4469 0.4235 -0.2693 0.5635 -2.0293 1.6438 -0.7756 -0.6299 1.3857 0.8511 1.2880 -0.4968 -0.9345 0.8435 -0.1312 0.5412 -1.4168 -0.6516 -0.6396 1.2162 -1.1447 -2.0411 -1.8642 0.7122 -1.3214 -1.4875 0.7021 0.7865
-0.1451 0.7057 0.5111 0.5144 -1.2091 -0.2293 0.2763 1.3145 -1.6607 -0.4036 -2.3833 0.4542 -0.0236 -1.7000 1.3060 0.5613 1.3473 -0.0933 -0.0098 1.7380 0.2408 -2.1110 0.0822 -0.5226 -1.3478 0.2672 -0.4370 0.0411 -2.2189 -0.6118 -1.3488 0.8447 0.1768 0.8830 0.8766 -0.2413 -0.0153 -1.6638 0.8476 -0.0095 0.2571 0.1780 0.9850 0.0573 0.8313 -0.5398 -0.1604 0.0580 1.0211 0.2100 0.2591
0.2052 -0.4427 0.7708 -1.6865 -2.6720 -0.4251 0.6961 -0.5091 0.3184 -0.7171 1.9410 0.3866 0.6202 1.4009 1.4541 0.9464 -0.4833 0.4391 0.2275 -0.8620 -0.8152 0.2270 -0.6161 1.6441 -0.3303 -0.9128 0.0470 -0.3592 0.6620 0.9891 -1.8345 0.5977 0.1929 -2.1657 -1.3458 -1.1767 -0.0604 -1.0041 -0.8703 -1.5545 0.0650 0.2283 2.6767 -0.5424 0.3114 -0.5590 1.2969 -1.1574 0.6873 0.0319 -1.6040
1.2067 -0.3034 0.0698 -0.8958 -1.8323 0.0610 -0.6232 0.1569 -0.0202 -0.9559 1.8173 0.2580 -1.5910 1.3857 -0.7669 0.2671 0.1013 -0.2555 0.6802 1.5657 -0.2439 1.2125 0.0088 0.6600 1.3773 -0.3981 1.3888 0.1197 0.2124 0.0876 -0.4987 0.2970 0.6380 0.8540 -0.7277 -1.1017 -0.9590 -0.0221 2.1926 1.0422 -0.7979 1.5925 1.0808 1.0392 1.4766 -0.5912 -0.3151 0.1918 0.1452 -1.0176 -2.0777
-0.3213 -0.6841 -0.1581 -0.6693 -1.2888 -1.2413 -0.1585 -0.4795 2.1505 0.2420 -0.9098 -0.6234 -0.5542 -0.5778 -0.6184 0.2407 0.0605 -0.8246 -0.1379 1.3544 1.9345 0.7808 0.8567 0.5791 -1.3767 -0.8425 0.0567 -0.8225 0.7811 1.7180 0.4020 1.1134 1.4272 0.6998 1.7453 -0.9292 1.6473 -0.5016 -0.0667 0.5625 1.1449 -2.3100 -0.9682 -0.9294 -0.9689 0.4768 -0.0920 -1.0659 0.6770 -0.7234 -1.2007
