29
-0.8578 0.5180 -0.3215 0.0587 0.4159 0.0796 -0.8157 -1.0577 0.6633 1.3493 0.6148 0.0434 0.0713 0.4426 -0.4999 1.0629 -0.6442 0.3539 -1.6422 -0.4581 1.9514 0.4657 0.7482 -0.6380 0.0844 0.0376 0.3742 1.9766 -0.0266
0.4462 0.1409 1.0467 -0.2159 -1.4707 -0.4178 -1.8776 -0.3243 0.3678 0.0472 0.1230 0.6210 0.9600 -0.6868 0.4059 0.7534 1.4377 0.6536 -0.0408 -0.4829 0.4026 -0.0708 -0.5959 -0.1368 1.5256 -0.5514 -0.5874 1.0190 1.1064
0.7357 -1.0813 0.3379 -0.9408 -1.4896 -0.5403 0.6267 -0.9723 0.2973 1.6134 -0.3519 -0.4377 0.4378 0.1617 0.8372 -0.7213 1.5200 -0.5054 0.0178 -1.4025 1.1702 0.7382 2.1246 -1.0471 -0.2036 0.3526 -0.2885 0.0559 1.0914
-0.2892 0.1326 -0.6067 0.3229 -0.4860 0.5121 -0.2183 -0.6548 0.0316 0.4712 -0.4375 0.6878 -0.7839 -1.8960 -1.0912 0.6593 -0.4523 0.5513 -1.4379 0.3051 0.9704 -0.1352 -0.1599 1.4230 -0.1016 1.4960 -0.7878 -1.8762 0.3966
1.3749 0.3492 0.3002 0.6393 0.8611 -1.1287 -1.2067 -1.2988 -0.0047 1.2436 0.9415 -0.2448 -1.3963 -0.9797 -0.2361 -1.6211 0.1192 -1.4848 -0.6003 0.5946 0.6168 -0.7917 1.0228 2.0123 -0.7836 -1.3636 -1.3880 0.4129 -0.8806
1.2516 0.2473 -0.0110 -0.1137 1.1222 -1.2845 -0.0395 0.0110 0.5149 0.3228 0.9259 0.0758 0.4847 0.0903 -0.6618 -0.5054 0.8647 0.2352 -0.5006 1.3838 -0.0140 0.9517 -0.2706 0.1376 2.0736 0.5361 -0.3673 0.4778 0.1999
1.6417 -0.5786 2.1687 0.4317 0.8653 -1.1657 0.1420 0.8889 1.7338 -0.1293 -0.6321 0.2286 -0.1989 -1.0512 -1.5851 1.3584 0.4267 2.2941 -0.3396 1.2215 2.5049 -0.8584 -0.5470 0.0207 -1.6108 0.5026 0.4951 -0.1422 -0.5633
2.1363 0.4491 1.9322 -0.2706 0.6669 1.0701 -0.2823 -0.1084 -0.0391 0.1006 0.6921 0.7787 -0.8881 -1.1283 -0.6457 -0.8830 0.0444 0.9183 -0.5015 2.4770 -0.7392 -1.9576 -0.7562 0.1862 -1.4023 0.2761 -0.2760 -0.8874 1.1435
0.8906 -1.2273 -0.5294 -0.1281 0.0627 0.2486 -0.4176 1.0282 -1.7882 0.8424 0.5428 -0.4191 -0.4277 0.0236 0.2096 1.3933 -0.3604 -0.5339 0.7384 0.2628 -0.6112 -1.0431 1.9349 0.2185 -0.6603 -0.0773 -2.0669 0.1179 -0.7009
-0.0133 -0.0712 0.1775 1.6459 -1.0943 -0.2601 0.9997 -1.3197 0.8388 -0.5348 -0.3717 -1.0523 -0.7179 0.6420 1.3239 -0.0712 1.2126 -0.4346 0.1234 -1.1925 -1.3085 -0.6530 0.6136 1.7396 1.5994 -0.9618 2.1709 -0.5446 -1.3912
-0.6902 0.9830 -0.7847 0.8537 -1.2702 -0.7883 0.3074 0.4609 -1.0226 -0.4015 -0.3634 -1.1442 0.2011 -0.7481 -0.7381 -0.1321 -0.8828 1.9974 0.7843 0.5664 0.9494 1.4564 2.6791 -0.2693 -0.1144 -1.0997 0.2445 -0.6608 -0.4496
-0.1700 0.3329 0.9939 0.5728 -0.0163 0.7898 -0.4603 -0.2983 0.5665 -2.5095 -1.1404 0.6823 -2.0340 0.3755 0.6591 -1.9246 -1.6483 0.4574 -0.9675 2.1493 0.7498 1.1877 -1.1322 -0.5519 -0.5096 -0.6313 -1.2805 0.9979 -0.2689
-1.3216 -0.6474 2.0785 0.4816 1.0906 -0.8183 0.4390 -1.7862 -0.7733 0.4618 -0.6281 0.3893 0.4801 -1.8496 1.1710 0.3270 0.4171 -1.0697 2.0903 -1.5236 0.2737 1.2678 -0.8105 -0.9093 -0.8158 -0.0364 0.2017 0.8587 0.6180
-0.1801 2.1124 -1.0778 1.6278 -0.8292 -0.2790 0.1329 -1.1950 -0.0491 1.2519 -0.1366 1.9902 -0.4802 0.5276 0.1643 1.1347 0.5752 -0.5602 -0.1574 1.8179 1.8457 -1.2404 0.0234 -0.4397 -0.8054 0.7694 -0.6459 0.8787 0.3399
-0.6298 -0.1308 -0.3269 -2.3126 0.5580 0.5238 -0.1845 -0.6872 -0.2024 1.1588 -1.5189 -0.0234 -0.8778 -0.3541 1.4401 -1.8883 -0.7693 1.3098 1.1978 -0.2750 0.9519 0.9868 0.1964 -0.4392 -0.8789 0.2311 0.1336 -0.1634 0.1595
2.1474 0.5587 -0.8054 -0.7173 0.1573 0.4563 -1.2986 0.6709 2.0318 -0.5825 0.6269 -1.8652 0.7884 0.8174 0.6616 -0.8155 1.5770 0.4172 0.7462 0.4735 -0.1871 0.1249 -0.4818 -0.9564 0.9747 1.1281 0.0118 -1.0821 0.8799
0.5290 1.4106 0.2969 0.5100 0.2881 -0.6809 0.4539 0.7697 -0.1331 -1.2123 0.7559 0.7341 -0.1168 0.2092 0.1531 1.6260 -1.3358 -0.5700 0.4846 -1.6782 -1.5152 -0.5266 -0.5762 0.2814 -2.0755 1.0195 -0.7659 1.2440 -1.2863
-0.0751 -0.7939 1.4310 -0.5591 -2.0037 1.0896 -1.1966 -0.6802 -0.5180 -0.4267 0.3530 1.4555 0.0191 -2.1890 -0.9933 -0.0513 0.3152 1.1524 -1.2699 -1.4335 0.3566 -1.3711 -0.8851 -0.8237 1.6839 1.2276 0.3603 -0.8053 -0.0694
-0.5904 -0.1052 -0.1021 1.4231 -0.1462 0.7434 1.4286 1.3438 -2.1859 0.3971 0.4316 -1.5743 -0.4017 -0.1096 -0.2199 0.6340 0.1828 -0.7819 1.8061 -0.7061 1.6300 -0.2986 1.6058 -0.4724 -0.9620 -0.6835 0.8339 -2.1558 -1.4231
0.3879 0.9868 0.9927 0.6452 -0.2279 0.8787 0.6322 0.5641 -0.5508 0.9787 1.8564 -1.2639 -1.0741 0.4712 0.6710 1.2545 -0.8915 -1.0510 0.5160 0.8099 1.4371 -0.0602 -2.1707 0.0889 0.1005 0.9101 -0.3182 0.1665 0.3549
-0.1662 -1.2512 1.2264 -0.2319 1.5638 1.0570 0.7702 -2.6227 0.0707 -0.1105 0.8158 -1.8453 0.8898 -0.7944 0.7048 0.1526 0.7975 -1.5863 -1.2526 -0.0648 0.1743 0.1525 1.3293 -0.7789 -0.2428 -1.8658 -0.6458 -0.6670 1.5384
0.2947 0.7603 -0.3495 -1.6575 -0.3197 0.3301 0.8515 -0.9374 0.4465 -0.4374 0.7403 0.0380 0.3879 0.7337 0.5420 0.2958 -1.5604 -1.2109 -1.3350 0.8025 1.5063 0.4780 0.8041 -0.5340 -0.4370 0.1312 0.6609 -2.1508 1.5894
-0.3471 0.2314 -1.3742 0.8680 -0.3644 -0.3159 -0.3456 -1.0407 0.6312 -0.0922 1.4315 1.0913 -0.1336 -0.2884 0.4098 -0.9688 -1.3250 -0.1525 -0.4804 -0.4802 -0.5365 -1.0002 1.1198 -0.4403 -1.2550 0.8646 2.0697 -0.1282 -0.1096
0.1284 0.3529 -0.4560 0.6458 -0.1548 1.5546 -0.9128 -0.8527 -0.4874 0.3315 -0.1432 0.3669 -0.0705 -0.8844 0.3486 1.6781 -1.4748 0.0217 0.8007 -0.5764 0.2093 0.0294 0.9692 0.5375 0.2993 0.4787 0.6572 1.6325 1.2917
0.6940 -0.1864 -1.3126 2.3981 0.2170 0.0034 -0.8734 -0.9478 -1.4745 -0.5749 0.1232 0.3196 0.6809 -0.1614 -0.6474 -0.5467 0.5347 0.5079 0.0569 0.9119 0.5164 0.5467 -0.1395 2.4870 -2.0486 -1.4842 1.5262 -1.1049 0.2480
1.4087 0.0963 1.1363 -0.1126 0.8855 0.2542 -1.5827 1.1043 0.5772 -0.2515 -0.1949 -1.1959 -0.8604 -1.2076 -0.1977 -0.2628 0.5639 -0.6431 0.8007 -0.1732 -0.1700 0.6459 0.4564 0.3514 0.0984 -0.5596 -3.0727 1.5048 0.5621
0.1237 2.1979 -0.0720 -1.2935 -0.4952 -1.3037 1.0981 1.8980 -0.5581 0.3010 -1.5125 0.5700 -0.2086 0.1227 0.7217 -2.3452 0.2115 0.3848 0.3574 0.5162 0.6145 1.3753 0.7868 -0.1408 -0.3077 -1.8216 -0.0370 0.8841 0.4393
0.5633 -0.0662 -1.0733 -0.3212 -1.6714 -0.8962 0.9370 0.1975 -1.3319 -0.0480 -1.8957 0.1861 -0.4637 1.3515 -0.2602 -0.9344 -0.3186 1.9097 1.0812 -0.6375 -1.9127 -1.3328 0.3552 0.1229 0.3598 -0.3423 -0.2574 -1.8107 -1.7707
2.4132 -1.0422 -0.7108 -0.6939 0.2861 -0.6010 -0.1071 -0.3356 -0.4538 0.6170 2.3477 -2.3207 0.4094 -0.7471 -0.3699 -0.5914 0.6642 -1.9796 -0.4960 0.2327 0.1832 0.2144 -0.9773 0.3683 -0.1864 -0.4358 -0.0082 -0.6332 0.2525
