66
-0.7845 1.9727 -0.1715 0.8199 -0.5678 0.3786 -0.4007 -1.8291 0.8736 -0.1720 1.8336 -0.4242 -0.6760 1.4062 1.8003 1.1734 -0.1838 0.4638 0.4706 -1.1021 -0.7119 0.6569 1.0862 -0.4133 -1.2129 -1.1768 -0.4304 0.0280 -0.9580 0.8308 -1.0483 1.0901 -0.1364 0.1996 -0.9332 0.4796 0.5443 -0.4047 -0.7852 -0.8871 -0.0864 0.1900 -0.6787 -1.1071 -0.8444 2.2251 -0.2777 -0.0615 -0.7149 0.4593 0.2694 2.1013 -0.0305 0.7163 0.5621 1.4175 -0.3643 0.0747 -0.8047 0.4901 0.7622 3.1661 -2.9701 -0.0916 0.4524 1.1123
0.3860 -0.0368 0.7250 -0.8469 0.3739 0.6599 0.7017 0.6766 1.0770 0.0429 -0.2788 -0.1688 -0.4246 0.0310 0.4977 0.5288 -0.3210 -1.5204 0.3346 1.5603 -0.4688 -1.5165 -2.7808 -2.7783 1.8181 0.0535 -1.1140 -0.7427 0.8184 0.6041 -0.9653 -1.6978 -0.3465 -0.5685 1.0402 0.1160 -0.4864 -0.5576 0.1337 1.3844 -1.5361 0.3536 1.0687 -0.5705 -1.2206 1.7887 0.0448 -1.1848 -0.5047 0.4894 0.1026 0.5070 1.2618 -0.3558 0.8608 1.2798 -2.1510 0.3571 1.1217 -0.7037 -0.3496 0.6098 0.9358 0.3970 -0.1291 -0.1072
0.6574 -0.9896 0.5520 0.0281 0.1863 -1.1477 -1.0339 0.2308 0.3841 0.0138 -0.3055 -0.6904 1.9744 0.4672 1.3730 -1.4155 0.4860 -1.0922 -0.6579 0.8593 -0.1470 -0.7008 -1.1197 -0.6633 1.4053 1.0376 -1.3357 0.9231 2.5153 -1.1750 0.3280 0.6688 0.6672 0.6187 0.7916 0.5765 0.8359 1.6105 -0.8123 0.2505 0.6856 -0.0668 0.7108 0.3206 2.2222 1.1118 0.7416 -1.3317 -0.0515 -1.2536 -0.4672 -0.6770 1.1790 -0.5502 -1.1384 -0.1446 -0.9947 -0.5736 0.1072 -0.7452 0.6413 1.4625 0.1648 -0.6443 -0.2611 -0.7324
-0.5360 -0.9162 1.4793 0.3199 -0.5606 -0.4184 -1.0476 -0.5000 -0.9838 0.3074 -0.9930 -0.0049 1.7074 -0.3065 -0.1747 -1.0761 0.6091 0.4340 0.1950 -0.8746 -0.6726 0.7723 1.4641 -1.0172 1.5369 -0.8150 0.6390 -0.6512 0.1673 -0.3658 0.4812 -0.3131 2.4352 0.4406 -0.5300 1.8183 -1.0582 -1.0093 -0.5434 -0.7680 0.5561 0.3336 -0.2329 0.9793 -0.1982 -0.0874 0.2410 -0.5164 -1.4871 -1.0304 0.7618 1.2085 0.2687 -0.8342 -2.1067 -1.3467 0.7306 -0.3032 0.7721 0.1014 -0.9514 -0.3806 -1.3420 -0.3669 -0.5449 -0.0091
-0.3348 -0.8751 -0.1704 0.8165 -1.5559 1.4617 0.6762 0.6050 0.5932 -1.7636 1.9717 -0.6730 0.0074 -0.6848 0.0946 -0.3098 -1.3371 -0.0839 0.6574 0.6855 -0.5182 -0.1788 -1.9371 -0.3031 0.5747 -0.5459 -0.7684 -0.3431 -1.0713 -0.1503 -0.6699 0.1780 -0.0721 -0.9603 -1.2663 0.7852 -0.3773 -0.0567 1.1577 1.8065 -1.1739 0.8811 -1.8017 1.3738 -1.1443 1.2128 0.3223 0.2702 0.3433 0.5603 -0.1193 0.4124 -0.7610 1.4641 -1.2320 0.1399 2.2209 0.6788 0.1060 -1.2903 -1.1180 -0.2784 0.9210 -0.1484 -0.1368 -1.8567
1.4496 -1.0769 -0.0713 0.4104 1.3244 1.2154 1.2016 -0.6561 -0.6090 0.6330 1.5834 0.2397 -1.7585 0.0811 -1.0969 -0.5524 -0.4311 -0.7122 0.4278 0.0489 -2.0193 1.7319 -1.2834 -0.3119 -0.1806 1.6653 -1.1646 -0.3744 1.3691 -0.1581 -0.3080 0.5309 0.7766 -0.8637 0.0562 1.8474 0.3535 -0.6958 0.8622 0.1847 -0.0206 -1.3437 -2.0517 0.4349 1.3993 2.5408 -1.6777 1.9839 -0.7812 -0.1302 0.3523 0.4689 -1.4423 2.5828 -1.2509 0.9269 0.6624 0.3901 -0.9615 -1.2961 0.1087 -0.0807 -0.4724 -1.7877 -0.4510 -1.5403
0.6503 0.4579 0.9310 0.5293 -0.9500 -1.4716 0.3510 0.1335 -0.1459 1.3183 -1.8806 -0.9814 -0.9009 -0.2196 0.7170 0.6781 -0.4758 -0.2977 -0.6580 -0.9548 -0.6224 -0.6106 0.2373 -0.3464 -0.3801 -0.6022 -3.2164 0.9776 -0.5058 1.2061 1.0009 0.3010 -0.2593 0.2492 -0.3144 0.6996 0.3312 -0.1312 -0.7997 1.1958 0.1038 0.5554 -1.2036 0.5557 1.7635 0.2677 -1.5845 -0.4878 0.1601 0.3876 0.3214 2.4419 -3.0071 -0.8193 1.4965 0.3406 0.2376 -0.6547 1.1808 0.5008 -0.7563 1.7760 0.3497 -1.1237 0.7667 -0.7363
-2.2261 -0.2596 -1.2443 -1.0677 -0.5684 0.5387 -0.4895 0.7695 1.2386 -1.8340 -1.2694 -0.7938 -1.6578 -1.7702 -1.0345 -1.4545 -0.0018 -0.0974 0.3596 0.4774 -0.8059 -0.6166 -0.4868 -0.5952 -0.9676 0.8427 0.0889 1.8547 -0.9342 -0.6477 0.3896 1.4374 0.2245 -1.6857 -2.3944 -1.6066 0.0270 1.7293 0.9159 -1.1079 -0.9250 0.4254 -1.5735 -0.2669 -1.2348 -0.2510 -0.8615 0.8333 1.8139 0.3430 1.7698 -0.4305 -0.0332 0.6251 -0.0991 -0.1366 0.1958 -0.7080 -1.5278 0.7695 0.2778 0.8410 -1.2779 -1.2467 -0.3463 -0.1130
-0.8120 0.1230 0.6170 0.5835 3.7706 -1.0211 2.1834 -0.3033 1.7349 0.5420 1.5325 1.5387 0.7235 -0.8356 -2.1819 -0.9137 -1.5108 -0.2438 -1.0950 -1.2681 0.8098 -0.7149 1.6631 -0.7518 0.9673 -1.3604 -0.1738 1.3659 -0.0397 0.3361 -1.0684 -0.5599 -0.0257 0.2748 -0.3740 1.0338 0.2122 -1.1848 -0.7310 -0.7216 0.4907 2.1548 -0.3155 -0.1891 -0.4800 0.6048 -0.6353 0.0576 0.4482 0.6105 0.4017 -1.1519 -0.2924 -0.7005 0.0622 -0.3207 0.0469 -0.4737 0.2816 0.1278 0.9351 -0.9891 0.5620 -0.8504 -2.2379 -1.3649
0.3241 1.8119 0.8517 -1.0765 -0.3217 -0.0846 3.4122 1.0057 0.4584 0.5421 -0.9988 -0.2294 1.2676 -1.1954 0.3636 -0.3115 1.6359 -0.9516 -0.9841 -0.2632 0.9984 0.8544 -0.8505 0.3779 0.8951 -2.0298 0.8276 0.3291 -0.0012 1.2579 -1.1940 0.4797 1.8203 0.1669 1.0340 2.0854 1.3106 -0.3252 -1.4922 -1.3968 0.2634 -0.4965 -0.3856 1.6102 1.4653 1.2891 0.8535 0.2162 -0.7279 1.2494 0.4871 -0.4253 -1.6916 -3.3896 0.0220 0.2669 -1.6552 1.0941 0.2592 -1.0767 0.4731 -0.4026 1.9803 0.3123 -1.0227 -0.3271
0.3078 -0.6752 -0.6055 1.1732 1.2963 -0.8759 0.9191 0.8558 0.2202 0.8413 1.2012 -0.3966 -0.7521 -0.0345 0.5831 -1.3975 -0.2083 -1.5001 -1.2730 -0.9506 -0.3601 -1.4081 0.7358 1.7011 0.7293 -0.0172 0.2526 0.1665 -0.4802 -0.6010 0.7237 -0.7036 -0.5610 -0.1031 0.9853 1.0488 -1.1030 -0.3785 -0.4989 -0.1804 -0.0960 3.3363 -1.8100 -0.2102 0.1483 0.9600 -0.0135 0.2028 1.1750 -0.2861 -1.0077 -2.7774 1.7168 -0.2616 1.6207 -0.5312 -0.1800 -0.4402 -0.2083 -0.2981 0.0776 0.1144 -0.7886 -0.0912 -1.0658 -0.2134
-0.1574 -0.9475 0.8354 -0.9992 1.7509 -0.5886 -1.1020 -1.6081 0.1759 0.6355 -1.7926 -0.2392 1.7133 1.2230 0.0301 -0.8062 1.6266 -1.5307 0.3325 0.8005 1.5270 -0.8059 -0.9405 0.7399 -1.2208 0.4862 -2.1108 0.3166 -0.4584 -0.1464 1.1866 -1.3993 0.9190 -1.5505 -0.9179 -0.5670 -0.0768 -2.2301 -0.4865 -0.9020 -0.4880 -0.4315 0.7579 0.2008 0.1632 0.7200 -2.0461 1.2906 -0.1585 0.0946 1.6899 -0.1972 -0.8615 1.2511 -0.0030 0.0571 0.4147 1.5525 1.9780 0.6923 0.7621 -0.8276 -0.2305 -1.7756 -1.0254 0.6544
0.2322 -0.9338 -0.0361 -0.1035 0.3153 0.7722 0.2354 -0.5039 1.5446 -1.4585 -0.2758 -0.7064 0.1490 1.1751 -0.2628 0.4674 0.9494 -1.3103 0.1528 -1.0215 -3.1670 -1.4485 1.5320 0.1890 0.4710 -1.6500 0.0705 1.4863 -2.4913 -0.4814 0.7827 1.4415 -0.9042 -0.6838 0.1425 -0.4133 0.2359 1.6656 0.0813 0.3123 0.2465 -0.7505 -1.0180 -0.5442 -1.7154 -2.2736 -0.0440 -1.2951 2.1237 -0.9726 0.3587 -0.0838 -0.0099 -0.6687 -0.6738 -1.8676 0.8842 0.5190 -1.0155 -1.0560 -0.5747 -0.4351 -0.3420 -0.2244 -0.7527 0.9282
-0.7649 0.8971 -0.4861 1.1712 2.0624 0.2863 -0.3324 -0.9754 0.2841 0.0323 -0.2830 2.3372 0.4034 -0.8640 -1.2932 -0.9814 1.2223 -1.0084 -0.7361 0.8431 0.0962 0.0344 1.3853 -0.3520 0.7911 -1.1290 0.9948 0.8004 0.9308 -1.8192 0.4592 0.0235 -0.4319 0.0120 -1.5150 0.1861 1.2466 0.6787 -0.7259 -1.8855 0.0667 -1.0884 0.0483 0.8056 -1.6327 0.2808 -2.0243 -0.0371 -1.4497 0.1374 -0.1218 -0.9058 -0.8138 -0.8755 -1.5703 -0.3205 -0.2009 0.1504 0.2993 -1.7609 -0.9726 0.0719 -1.2397 0.5452 1.0901 0.1363
-0.8147 -0.9464 -0.2066 0.4754 0.1004 -0.1599 1.6196 0.0388 -0.6594 -0.7268 0.5179 -0.9216 -1.5881 0.5836 0.2442 -3.2537 1.6601 0.6565 -0.0330 1.4100 0.3188 0.1081 1.4170 -0.0120 -0.2234 0.7542 -0.9266 -1.3613 -2.5248 -0.0711 1.1355 -0.1488 0.4601 0.7452 1.3979 -0.2454 -1.4165 0.0790 -0.0289 -0.7141 0.4000 0.3726 -0.5379 1.1194 -0.1932 1.7802 -1.7739 1.6771 -0.6893 0.1863 0.8076 -2.7481 -0.2127 1.3965 0.5402 -0.1651 -0.2480 -0.7303 -1.1351 0.7055 -0.8848 0.6007 -0.4938 0.2183 -0.1803 -0.3350
-1.5270 -0.8756 -1.6492 -0.5812 0.6479 -0.2179 -1.3334 -1.3759 -0.7079 1.5991 1.4984 0.9085 0.9775 0.3714 -0.8461 0.3301 0.0130 -0.0176 0.0565 0.2694 -0.3345 1.8433 -0.3656 0.7056 -0.5333 -0.7100 0.5805 -0.0056 -0.0170 0.7620 -0.8044 2.0499 -0.1924 0.7116 0.3113 -0.4934 1.1514 1.8809 0.6505 -0.2036 0.8393 -0.2399 -0.5652 -1.8595 0.4355 0.0259 0.5250 -0.6764 0.4259 -0.3306 -0.2614 -0.2431 1.1239 -0.6895 -2.3747 0.8318 1.0014 1.0626 -0.4858 -0.8453 0.7544 1.0113 -0.4983 0.0264 -0.1301 0.4880
0.4490 1.4417 -0.3448 0.0272 1.6348 -0.0595 -1.3837 -0.5149 1.7768 1.2593 0.3091 -0.9420 0.0916 -0.2065 -0.3656 1.5538 0.5242 -0.1550 -1.0660 0.6797 1.3416 -0.5313 0.9698 -1.8127 -0.2890 0.0543 0.4156 -0.7853 0.3938 -0.2572 -0.5240 0.8349 0.6224 1.4820 0.5299 -0.7013 0.3733 0.2795 1.0897 1.2009 1.2976 -1.2695 0.9773 0.4039 0.0161 -0.6018 -0.7782 0.6638 0.5984 -1.3731 0.6370 1.8918 -2.4308 -1.1389 0.6507 0.2656 0.2391 0.2589 0.0234 -0.1669 1.1527 -0.3332 0.1710 0.2870 -0.6850 -0.3173
-0.3372 -1.4341 -0.8596 -1.1695 -0.1255 0.8683 -1.3965 -0.1882 -0.4141 -0.6871 -1.5029 0.7276 1.0090 1.5666 -0.4535 0.4298 0.9778 -1.1161 -0.2585 -0.9624 -1.3413 1.4302 0.2374 -1.3878 0.4399 0.9080 0.4486 -0.5207 1.1705 2.0997 1.9609 -0.4974 -0.0382 0.4659 0.0986 0.0362 -0.3430 -1.8653 -2.2057 -0.4645 -0.6251 0.6092 0.7245 -0.6738 -0.4048 0.5210 -1.0396 1.2435 -1.1241 0.2020 0.2598 -0.1913 2.3468 -0.2455 -1.0144 0.9118 0.3424 -0.3150 -0.3900 0.8161 -1.0504 0.3198 -1.2221 0.3482 2.8021 -1.1742
0.3453 -0.1562 -0.3432 -1.7124 0.8426 0.1264 -0.1096 -1.0551 -0.9070 0.6979 1.7466 0.3946 0.2879 -1.0351 0.3429 0.0432 -0.4073 0.5921 -0.1827 0.5338 -0.3557 1.3760 -0.9238 -0.7185 -0.3939 -0.4582 -0.5623 -0.0573 0.2705 -1.0482 -0.0696 0.2100 -0.9000 -0.5941 -0.7699 -0.3500 0.3250 0.7660 0.6665 -0.0011 1.2037 1.2815 -0.8065 -0.0601 -0.6656 0.2467 -0.0409 -0.7066 -1.7539 1.3058 -0.1104 0.9764 -0.5749 0.2319 0.1318 1.2671 0.5863 0.2562 -0.0377 0.6931 -0.5652 0.2455 -0.2530 0.5178 0.2287 -0.2336
0.4983 -0.6115 -0.6129 1.3166 -1.4787 0.7410 -0.0560 1.5264 0.3157 0.4366 1.4413 0.8103 -0.1311 1.1728 1.3482 1.2014 0.5865 -1.1285 0.3307 -0.5853 1.3312 0.3610 1.0797 -0.3171 0.4477 1.2136 0.7530 0.3216 -0.9748 0.2262 0.3950 -0.2066 -0.2370 -0.1008 -0.6025 0.9767 1.2007 -0.8021 -1.2280 0.9688 1.2044 -0.0109 0.0382 0.5843 0.5804 -2.2291 -1.4233 -0.7283 -1.4302 -0.1327 -0.0965 0.3371 0.4214 -1.8030 -0.7646 -1.3086 -1.0365 0.0886 0.8045 0.1512 -0.6636 -0.0927 -1.5034 1.2774 -1.5437 -0.4963
0.1516 -0.3292 -1.1047 0.6801 -0.1146 -0.4296 0.1579 0.6398 0.0123 -1.0482 0.7035 -0.1090 1.3208 -0.5491 -0.4781 0.1544 0.6399 -0.9947 -0.6439 1.1545 0.4480 -0.6235 -0.0163 0.2591 1.7798 -1.3034 0.6272 0.2514 0.4848 -0.9680 0.2937 -0.2979 0.5645 -0.2411 -0.5587 0.1346 -1.0764 -0.8155 2.3133 1.5888 0.1193 -0.1019 -0.8518 0.1626 0.7364 -0.2904 -0.6742 0.6373 1.1415 -0.7618 0.3670 -0.8086 -1.6098 0.9163 -2.2544 0.1761 0.0926 0.9283 0.0302 0.0891 -0.1670 2.7586 0.8188 0.4681 0.2256 -0.3368
0.2406 0.4383 -0.0515 0.4595 0.3373 -0.6244 0.6644 -0.0647 -0.0724 1.6539 -2.8010 -0.6551 -0.3123 -0.4971 2.1373 -0.3711 -1.9540 -1.7061 0.1364 1.0859 0.1857 -0.8258 0.8048 1.0761 0.4135 -1.1712 0.7954 0.5918 -0.3784 -0.2846 -0.9021 1.1117 0.0167 0.3711 -0.1838 -0.4731 1.1061 0.8698 0.3444 -0.9157 1.2235 0.2222 2.5275 -0.6625 -2.0066 0.6950 0.6728 -0.3564 -0.5970 -0.0079 -1.2421 -0.3437 -0.6498 0.7740 -0.7404 -0.3709 0.5258 -0.8408 -0.6561 -1.9197 1.2498 -0.7882 0.2706 0.5174 0.8302 0.8426
1.0638 -1.0273 -2.0162 -1.3844 0.1655 -0.6930 0.4906 -0.5476 -0.2431 0.5043 -0.0035 -0.2239 1.0736 -0.8267 -0.2850 -2.0613 -0.9052 -1.0073 0.4046 -1.3282 0.4742 -1.1762 -0.8789 -0.1890 1.6832 2.9591 0.9314 -0.2661 -1.9495 0.7305 -0.4160 -0.6162 -1.0575 -2.2442 -0.7857 -0.0759 -0.3333 -0.0666 0.7359 0.2302 0.9532 -1.6251 -0.2455 -1.0557 0.3897 0.7966 0.7856 0.4792 -1.1092 -0.0491 -1.1075 -0.4396 0.3418 -0.0114 0.8616 0.0986 -0.2690 -0.1340 -0.3650 0.6141 0.1282 -0.7385 0.4470 -0.1147 0.3317 -0.1775
-3.1940 -0.0112 -0.9864 -0.0369 0.7765 0.4425 0.8743 0.3976 -0.5910 0.2497 -0.5139 -1.1825 1.0658 -0.0105 -1.0127 0.6318 0.8721 0.4285 -0.1247 -0.6616 -0.7494 0.1445 -1.9228 -0.1493 0.4671 -0.5636 -0.6448 0.2516 -0.4796 -1.9817 -0.8702 1.1174 -0.1441 -1.0713 0.1834 -0.2924 0.7577 0.7573 -0.0922 -0.8397 1.4123 0.6109 -2.0444 -1.2857 0.9833 -0.6987 -0.3655 -0.9484 1.5823 -0.7234 0.9458 1.1003 0.8221 -3.2706 -0.1575 1.0424 1.0848 0.3917 -0.3740 0.9569 0.2236 -0.2306 -0.0635 0.3963 -1.9159 0.9398
-0.9419 0.9041 -1.2691 -0.3638 -0.3399 -0.5895 -0.0244 -0.4788 2.4858 -1.3254 0.3904 0.4465 -0.0675 0.9022 1.8290 -0.6691 -0.3506 0.4439 0.5911 -1.1812 0.7148 -1.6986 0.9337 -0.3961 -0.9161 -1.2360 -0.2348 -0.4110 0.1971 0.6028 0.6876 1.1238 2.5042 -0.6680 0.5164 1.3068 -0.2864 -0.7329 -0.8170 -0.2148 0.7443 -0.0483 -1.6933 1.5497 -0.4390 1.4295 0.4758 0.3672 0.4941 0.0736 -1.0144 1.5691 0.4807 0.8183 1.3157 0.2142 3.1266 2.1074 -1.3917 -0.3510 0.3342 -0.6331 0.9020 0.0344 -1.5875 1.0921
1.0182 0.0879 -1.4912 0.0966 0.3261 0.0479 0.2855 -0.2277 -0.4420 1.1442 -1.3353 -0.4488 0.5640 0.1601 -0.4123 -0.6458 0.3919 3.1116 -1.0307 2.0043 -1.3221 -0.4576 0.9227 -2.4322 0.8647 -0.7082 0.2283 0.6186 0.0240 0.1036 1.3923 0.0539 -0.3203 0.5115 1.5641 -0.7689 -0.1528 2.2353 0.1703 1.3178 0.2332 -0.0781 1.3685 1.1301 -0.8732 0.7490 0.9253 0.2828 0.4040 0.2865 -0.1023 -0.6525 -0.4472 1.2382 -0.0701 -0.6185 0.3551 1.2485 -0.1924 -1.9965 0.5417 -1.3365 2.5537 1.9124 -0.6905 -1.0062
-0.3185 0.6249 0.3826 -1.0524 1.0782 2.0239 -1.0050 -1.0533 -0.1435 -1.2407 -0.1469 0.4275 -0.7648 -0.9380 -1.3532 -0.1959 -0.8346 2.1339 0.8679 1.3785 -0.5633 -0.3329 -1.2878 1.0240 -0.8401 -0.1930 1.3320 -0.3983 -0.4808 -0.6941 -2.0113 -0.0971 0.3722 0.2357 0.9666 -0.3559 -2.0633 -0.6403 -0.3131 -0.2071 -1.3374 -0.6571 -1.8711 1.0223 1.2704 0.1978 0.7114 -2.9040 0.1008 -0.5393 0.5232 0.8411 1.3450 -1.3544 -0.4074 1.5833 0.0569 -0.7416 0.9804 -0.2166 -0.4026 1.1503 -0.7068 1.0723 0.8398 0.3890
1.1084 0.1247 0.2072 0.4016 -0.5809 -0.5128 1.2914 0.3336 0.5210 0.1760 -0.8745 -0.4245 1.8155 -1.3065 -0.9415 0.8139 -1.6055 2.1530 0.6818 0.4184 0.8214 -0.6944 2.0503 -0.3190 0.6589 1.7276 -0.9536 2.1858 1.1734 0.1766 1.3617 0.2328 1.6380 -0.7324 1.7133 0.1413 1.5125 -1.7469 -1.0528 0.5440 0.7977 0.1200 1.4761 0.3590 -1.8460 -0.0653 -3.1749 0.0979 0.2976 -2.0198 -0.7918 -1.2212 0.8306 -0.2822 0.6480 -1.7501 -1.4024 -0.7479 -0.3988 -0.6145 1.3740 2.3729 0.4881 0.8036 0.2840 0.9682
0.3222 -0.6075 0.7817 -0.9801 -0.1052 1.0623 -1.3983 -0.2091 -0.4097 0.8811 1.5847 -0.8667 0.5252 -0.0323 -1.5905 -1.1352 0.0487 -0.9599 0.6195 -0.3013 0.4943 -0.4043 -1.3121 1.8411 -0.2589 0.0845 2.2262 -0.5913 1.0740 -0.2913 -1.7854 -1.3182 -1.4275 0.4361 -0.0982 0.3734 0.5359 0.7513 0.0209 0.5857 -0.6984 -0.1973 0.2013 0.4479 -0.2340 -0.4856 -0.3069 0.0102 1.4072 -1.0635 -1.9595 0.2277 -0.8516 0.2116 0.3227 -0.0677 -0.0009 0.2254 -0.9156 -1.9569 -0.5993 1.3788 1.4471 -1.5007 -0.2589 0.2056
0.7103 -1.2836 -1.2355 -0.0940 0.3431 0.2663 -2.1408 -2.3837 -0.8368 -1.6283 0.5405 -1.1331 0.0744 0.3262 -2.1591 -0.6864 0.0209 -1.0978 -0.8685 -0.6791 0.6740 0.0621 1.1384 -0.9078 0.3824 -0.9550 0.5892 1.0878 0.7307 -0.6662 0.0072 -1.2313 -0.6601 0.6695 1.4543 0.1433 -1.1989 -0.5142 -2.1179 0.8857 -0.0906 1.2807 -1.2566 0.2831 0.2945 -1.7022 -1.2150 -0.0868 0.4771 -1.4581 1.1164 -0.8424 -1.3882 0.1412 -0.9091 -1.1475 -0.4634 0.2956 -0.0683 -1.2790 -0.7947 0.8235 -0.8739 0.3840 -0.3715 -1.6437
0.2562 -0.0355 -0.6953 -0.4190 -0.2539 -0.0852 -1.0723 -0.7433 -1.2226 0.9598 0.2406 -0.0048 -0.3053 0.4730 -0.0517 0.8473 0.3099 0.1018 1.1701 0.0757 -1.0074 -1.4040 0.4887 -1.1815 1.0926 1.0442 1.2073 -0.7880 0.6104 2.3594 3.4515 -1.7213 0.9642 -1.1600 -0.2677 -1.6700 -0.3466 -0.2167 -0.5787 0.5204 -2.5328 -2.5085 0.1277 -1.6580 1.5458 -0.7372 -0.2550 0.8865 -0.2402 -0.8849 1.0573 -0.3751 1.4349 -0.1892 0.5500 0.7518 -0.3690 -1.4802 -0.0585 1.4934 0.7476 0.5745 0.8952 1.3901 0.3018 -0.8759
0.0033 -0.8291 -1.9367 1.4432 1.1484 0.5261 1.2485 0.5833 -0.2419 -1.2793 -1.2553 0.0303 0.7176 -0.0403 0.3530 -0.7434 -0.3841 0.2706 0.0492 -0.2125 1.6165 0.0320 1.1487 0.7990 -0.9807 0.2090 0.8531 -0.0368 0.1892 1.1327 2.1246 -1.3378 0.1662 -0.0948 0.3810 0.9904 0.0495 0.0433 -1.2736 -1.1695 -0.5139 1.8560 2.2432 1.6280 1.0526 -1.1746 1.0372 0.5341 0.7254 -1.7651 1.4515 -0.3341 1.2016 0.3854 -0.5241 0.1922 -0.0236 -0.1496 0.3866 2.9093 1.2597 1.1792 0.1947 1.0974 0.2203 -1.3465
0.1942 1.6581 0.2235 -0.2406 0.5064 2.2064 -0.2989 -0.4671 1.1551 -1.5568 -0.7470 -1.9447 -0.0984 0.5493 0.1196 0.6103 0.3476 0.3396 -1.2928 -0.3789 -0.1404 0.6025 -0.0784 1.7173 0.2265 -0.7829 -0.3661 -0.8319 -0.7480 0.3901 -1.8439 -1.1606 -0.0861 0.4912 -0.5686 0.6808 2.1718 -0.0945 1.9534 0.9900 -0.6590 -1.6597 -0.0195 -0.0226 -2.0391 0.3871 0.3750 0.3420 -1.9451 1.9636 0.4426 0.1704 0.0703 -0.3915 1.0485 -0.8613 1.1596 -0.3525 0.9038 -0.2814 -0.4039 -1.7375 1.1655 -0.8595 -0.8105 1.5350
-1.0683 -1.4816 1.4652 -0.3995 0.1082 1.1864 0.4645 -0.5898 0.8752 -0.7823 -0.6993 -0.0818 1.6675 -0.5844 0.7191 1.4928 0.3615 -0.3360 -1.5146 -0.0033 -1.5622 0.6706 -0.3555 0.9462 -0.7559 0.2417 -0.3776 -1.9271 -1.1655 -1.7954 1.6549 -1.0968 0.5731 -0.7089 -0.0375 2.3124 1.0699 0.9494 -0.4205 -0.6502 0.0468 -0.5053 -0.1531 2.3666 -2.5965 -0.0136 0.0816 0.6324 0.0946 0.5701 0.9929 -1.0683 -0.5763 -0.6358 0.9724 1.5832 0.3649 0.3428 -0.9939 0.8973 0.3945 0.5009 2.1526 -0.4856 0.1775 1.1234
-1.1562 -0.9285 -0.1839 1.3629 -0.8962 0.3931 0.5127 1.0156 -1.0103 0.8725 -0.9447 -0.5889 -0.5913 -0.4889 0.8002 1.2248 -0.0104 2.2320 0.6221 -1.0606 1.1340 -0.1057 0.6701 -0.8890 0.1652 -0.4316 -1.1851 0.9698 -0.0708 -0.1472 0.8189 1.2491 -0.4542 1.8961 1.0705 -1.1577 1.7576 -0.1467 0.0765 0.5141 2.0375 0.0672 0.7116 -1.4939 -0.7424 1.2475 2.1286 -0.3312 1.4902 1.0860 0.1445 0.7159 -0.5982 -1.4109 0.2486 -1.0809 -1.9814 -0.7932 -0.7421 -0.1199 -0.2490 0.9383 0.7677 -0.3871 1.7163 0.5680
0.5136 1.3580 0.7262 0.8819 0.9705 -2.4340 -1.3666 -0.3114 1.5933 -0.4419 -1.1150 -0.2817 -0.2131 0.8907 1.0548 1.0891 0.8823 0.6457 1.6243 0.2909 -0.0257 0.6771 1.4600 -1.3249 0.6712 -0.5832 0.3900 1.2506 -0.9438 -0.4198 0.0049 1.1672 -1.2194 -0.1030 0.9121 -0.3406 0.2126 -1.0968 0.8717 -0.3604 -0.9667 0.4494 -0.4046 -0.2979 1.0656 -0.3352 -0.7583 -0.1032 0.7505 0.1492 2.3752 -0.3971 -1.1555 0.3743 -1.5738 -0.4083 1.1417 -0.7031 -0.6385 0.1393 -2.1007 -0.2208 1.7900 0.1974 -0.3085 -0.1841
0.3461 1.7130 -0.4358 -0.5236 -0.2119 0.2586 0.6306 -0.3120 -0.2849 -0.8066 2.0864 0.4224 0.6943 0.1870 -1.1257 0.9035 -1.0212 -1.0518 -1.6031 2.0486 -1.2380 1.5416 -0.3265 0.6587 -0.3188 1.5131 1.0766 0.0013 -0.2268 1.8179 -0.5915 0.6189 1.4837 -1.0624 -0.9275 0.5715 0.4768 -0.6467 1.4808 0.8099 -0.3892 -0.1749 -0.7809 -0.5644 -0.6940 -1.2940 1.0568 2.3890 0.0169 0.7853 -1.5567 0.3222 -0.7098 -2.3844 -1.3571 0.3470 -1.0204 -1.6520 -0.0878 -1.7912 0.5407 0.2889 0.4054 -1.1848 -0.1754 0.1630
-0.5341 -1.1072 0.7744 1.5054 -3.1454 0.0457 0.4315 0.9939 -0.4793 -0.3931 1.1558 0.0681 1.4431 2.0544 -0.4223 1.4924 -1.1024 0.7986 2.8415 -1.3831 0.5253 1.0090 1.1244 -0.1284 0.5055 -0.3370 -1.4421 -1.1021 0.2374 -0.4345 -1.4577 -0.5874 0.3666 -0.9641 -0.8123 1.0307 0.6702 -1.1500 2.1127 -1.1700 1.5295 2.2871 -0.0609 -0.3814 0.7471 -1.6487 0.0993 0.5335 -0.2534 -0.7645 -0.7886 -1.9601 -0.0530 -0.9631 -0.0333 -0.9132 0.2460 0.5677 1.6287 -0.9562 -1.1308 -0.0131 0.8020 -0.2842 -1.1094 -0.4295
2.4233 0.7187 1.5443 0.5315 0.3075 -0.0700 1.4284 -0.0442 -2.1290 0.5413 0.3223 1.1650 -0.2933 -0.7340 -0.5372 -0.0316 0.2288 2.2568 -0.6313 -1.1346 -1.1973 -0.4684 1.8062 -0.4963 -0.0980 0.4478 0.6333 0.2531 -0.7651 2.2848 -0.5990 -1.4756 0.0947 -0.6811 -1.5147 0.2247 0.6584 0.4472 -1.8038 -0.5466 -0.3677 0.2612 0.7093 2.2397 0.5217 1.1698 0.4415 -0.8487 1.8983 0.8206 0.1732 -1.2103 -2.0105 1.2160 0.1567 0.8293 2.9628 0.6169 2.1088 -0.4886 -0.3074 0.7487 0.3958 0.6441 -0.8364 0.0482
1.3340 -1.1693 2.2685 1.0384 -0.2450 0.3300 -0.6000 -0.7648 0.0938 -0.2398 0.2529 -0.6354 -1.1220 -0.7449 1.2527 1.0000 -0.2118 1.0423 -1.1031 -1.1485 -1.4200 0.5245 -0.7334 -0.9841 0.5176 -0.7776 -0.7655 0.4212 -0.9045 -1.1548 -0.1639 0.3128 1.1667 -0.9803 -0.0894 1.0927 -2.0629 -0.1207 -0.9333 0.7854 -1.5533 -0.1622 1.5761 0.1587 -0.4926 1.4855 -0.6648 0.6119 -0.5920 -0.4871 0.1085 -0.9119 0.9422 1.3575 -0.2730 -0.9239 0.4747 0.0442 -0.5616 1.4505 0.8890 -0.1853 -0.1933 -0.9822 -0.2482 0.0005
-0.9216 0.6397 0.4869 -0.0667 1.7422 -0.0107 -1.1465 0.2695 -0.3020 1.1446 -0.7674 1.7690 -1.2655 -1.2709 2.2062 -0.8214 -0.3487 0.4684 -0.0231 -0.2086 0.3301 -0.4377 0.1164 -0.2220 -1.7474 0.8173 0.0678 -0.2321 0.4300 0.5498 0.0589 0.5462 0.5439 1.8311 1.6605 -0.6473 -0.3559 0.8757 -0.2278 -0.7039 -0.5640 0.0221 -1.5913 -0.2136 -2.2031 -0.8501 0.9927 -0.9508 -2.1661 0.3122 -0.5632 0.0133 -0.1285 -0.2440 -1.1653 1.0218 -0.0299 1.6485 0.1918 1.0581 -0.2223 1.8551 -0.4829 -2.0557 -1.2094 1.4266
0.0866 1.0546 1.0093 -0.4701 0.8232 1.5963 -1.4334 0.6002 2.0769 0.8827 -0.3826 -0.6128 0.3004 -2.1993 0.3104 -0.7549 -0.0182 0.9133 -0.6380 1.7369 0.3331 -0.4590 -1.1784 -0.3302 0.4734 -0.5565 0.0373 -1.4338 -0.4641 -0.6961 1.2326 -0.2480 -0.1333 0.6200 0.8799 1.8388 1.7060 -1.0574 0.1632 1.3450 1.3848 -0.6737 -0.5971 0.5022 -0.4269 -1.0518 -2.1818 0.2192 1.0595 -2.6492 1.1813 -1.2887 -1.3519 0.0667 -1.4445 -0.1392 -1.0645 -1.4249 -0.0210 -1.5871 1.1483 1.7850 1.1428 -0.5345 0.1311 0.1223
1.1552 0.1722 1.2749 0.1169 -1.3998 -1.5970 -1.5637 -2.6349 0.1520 0.6698 -1.3314 1.4887 0.6948 -1.8439 -0.8894 1.0814 -0.9776 0.7639 0.0519 1.3316 1.0830 -0.4106 -0.6733 -1.2671 2.0412 -0.0963 0.6680 0.1242 1.0545 -0.0312 -0.6180 0.3889 0.3231 -0.8558 -0.1641 -2.3327 -0.6399 -0.9766 0.3921 0.0654 -0.1891 0.3435 1.6477 1.3279 0.4332 -0.7731 0.2661 -0.6595 -1.5153 -0.9146 0.6489 0.9728 0.8805 0.0308 -0.5772 -0.2299 -0.3808 0.5832 -1.0572 0.7018 0.4731 0.3874 -0.1879 2.2682 0.4795 -0.9670
-0.0336 0.6764 -0.5142 0.1438 0.1517 0.3619 -0.2823 -1.1843 -0.1579 -0.4622 -0.0359 -2.0195 1.8654 -0.7190 1.0227 0.0291 -1.5128 0.1236 1.6409 1.3883 0.6133 -1.4309 -0.5449 0.4668 2.1313 1.7207 -0.3331 -1.0254 -0.2379 -0.1478 1.2845 -0.2661 -1.1829 -0.4440 -2.0271 0.2800 0.2859 0.9132 0.1719 -0.9407 -0.6026 -1.1180 0.1428 0.1918 -0.9186 0.9486 0.2249 1.9843 3.2168 -0.7177 1.4000 -1.1746 0.7331 1.6155 -0.1542 0.3155 1.2958 -1.9196 2.0548 1.0398 0.3689 -0.6568 -1.1015 0.7348 0.8241 0.0457
0.4319 0.8734 1.1575 -0.4299 -0.5261 -1.0813 -0.8104 -0.8455 0.0005 -1.7436 -0.2454 0.4562 -0.9783 1.0787 -0.9537 1.8978 0.2501 0.3166 -1.7034 1.0187 0.0888 0.3307 0.9668 0.1214 1.6722 1.5448 2.1637 -0.1807 -0.8261 1.0320 -0.9649 -0.4503 0.3284 -2.0653 -0.6208 -0.7820 -1.9962 0.2324 1.0924 0.9956 0.8673 0.0544 0.0171 -0.3153 0.0185 0.9048 -0.5672 0.2731 0.0243 -1.8129 -0.9214 -0.4197 0.1919 0.4082 -2.5639 -0.0438 1.7919 -0.1126 -1.0292 0.0388 1.5435 0.1052 -0.6254 -1.7863 2.4137 0.8377
0.5124 -1.4224 -1.7348 1.0977 0.4648 0.6722 0.5038 -0.3492 -0.1585 -0.0652 1.4945 -0.1798 -1.6996 -0.4994 -0.3846 0.0624 0.7419 0.0629 -1.6980 -0.0087 -0.4213 0.1472 0.1499 2.9105 0.9705 -0.0217 -0.3282 0.4907 -0.8019 0.4575 0.1175 -0.5421 -1.3079 0.1281 0.7618 0.3033 -1.7996 0.7385 0.4092 -0.0598 -0.4139 0.3056 0.2407 -0.0456 2.1068 2.0308 0.9936 0.8098 -0.1210 -1.0658 -0.6496 -0.0174 0.3231 -0.0269 -0.9231 0.9661 0.2816 -1.0409 -0.9183 0.6402 1.8104 -0.4538 -0.0660 -0.4901 0.7359 0.5169
0.3204 0.2922 -1.2606 0.3942 -0.1353 -1.7040 0.8787 -1.7767 1.3761 -0.1382 0.6973 -0.9841 -0.0953 0.2480 -0.4329 -0.8265 0.5138 -0.0720 -0.2687 0.4097 0.7750 -0.8126 -0.6669 0.9207 0.1591 1.2193 1.9846 0.9190 2.9539 0.3003 -0.6192 -1.4945 -1.5276 0.6563 0.8603 -0.9606 -0.3756 0.5102 -0.5228 -0.4136 2.0059 0.0859 1.1985 -0.8744 0.1600 0.1164 0.8400 0.9654 -0.5298 -0.3852 -0.1112 1.7769 1.1299 0.2917 -0.5244 0.6626 0.3874 -0.6535 -0.1541 -0.9822 1.0389 0.2514 -1.9821 2.1828 1.4859 0.1723
1.0562 -1.5630 -0.4834 0.0121 -0.5624 -2.1828 -0.3878 0.8211 -0.6260 -0.5380 -1.4821 -1.3296 -0.6285 -0.1089 -1.1093 1.8300 -0.9975 -0.8421 0.9854 -0.3656 -0.3263 -1.4597 -0.2090 -0.9946 1.6029 -0.3050 1.1326 0.3258 1.1784 -0.1930 0.8056 -0.0238 0.3544 1.3979 1.3764 0.3711 -1.2203 -0.8081 0.1748 -1.5431 0.9950 0.1022 -0.1571 0.2415 -1.0268 0.4969 -1.7179 -0.3768 -1.2111 -0.7903 0.5705 -0.7789 -0.5890 1.3259 0.1226 -0.6617 -1.5612 0.1499 1.2553 0.2273 0.4226 1.7591 0.2673 0.9631 -1.2269 0.4624
-0.9227 -0.9500 0.4134 -0.6600 -2.3145 -0.1259 0.1574 0.3186 -0.1538 -1.9803 0.3804 1.7934 -0.2014 -0.4094 0.6106 -0.5214 0.2350 1.4428 0.0970 -1.8601 -0.4779 -0.2418 -0.9898 0.1051 0.9595 -0.9675 -0.5771 0.1925 0.1153 -0.3468 -0.0847 1.2116 -0.1808 -0.1050 1.7484 1.0424 -0.5554 0.7462 0.4012 -0.4972 -0.6143 0.9439 0.5519 1.6605 0.7175 -0.4525 -0.6853 0.0613 -0.2039 -1.5460 0.4863 0.1022 -1.1077 1.3517 0.9324 -0.0580 0.7914 1.5089 -0.5335 -0.3452 0.5510 -0.7764 -1.3652 0.4389 0.9414 1.5065
0.3476 0.2367 0.6643 -1.8664 1.7352 -0.0327 1.1793 0.9089 0.1410 1.3206 -0.4308 0.8563 -0.4357 0.2628 1.1052 -0.0455 0.5622 -1.0143 -0.6554 0.6816 1.0360 0.8947 -1.8795 1.2759 0.5505 -0.2104 1.2589 0.3813 1.1479 0.9730 -1.0176 -0.1851 1.7932 -0.4023 1.1411 -0.2961 0.6185 0.7654 0.4727 -0.0354 -0.5209 -0.5242 1.4627 1.1255 -0.0044 -0.4588 0.3047 1.7412 -0.4380 0.2324 -1.3068 -0.9511 0.3897 0.7602 0.9793 0.1778 0.3732 0.2070 -1.7948 1.3028 1.1992 -1.6491 0.4743 2.2759 0.9983 -0.8329
-0.0801 -0.5589 -1.7511 0.1411 -0.4609 1.3620 0.4040 0.3567 -0.9644 0.1521 0.7490 -1.2034 0.1904 -0.6619 0.5166 2.3347 -0.7771 2.6957 -0.0335 -0.2279 -2.0432 -0.2096 -1.1114 -0.5762 0.6225 -1.6908 0.0992 0.2973 -0.2724 -0.6760 -0.2903 -0.0064 -0.2855 0.3414 1.1321 -0.3646 -0.0730 1.0558 -1.8098 1.7204 -0.2556 0.3069 0.4504 -0.5687 0.0310 0.0121 -1.7203 1.3080 -0.3708 1.2837 -1.0494 -0.2572 -0.0576 -0.0770 0.1665 0.2524 0.4425 -0.1853 -1.6066 0.5578 -0.0979 0.6782 -0.1101 -0.6046 -0.7778 2.3063
0.3651 -0.7027 -0.0356 0.9278 0.1110 0.0889 0.0221 0.5616 0.3561 -1.4817 0.7493 -0.6231 0.4386 0.9122 -0.1390 0.9948 1.3185 1.5525 0.1926 -0.0843 -0.9255 -1.9087 -0.9178 0.8852 0.5727 -1.1770 -0.7929 -1.1753 2.4766 -1.6533 0.5615 2.6679 -1.7649 -0.8954 0.8443 -0.0045 -0.9353 0.6734 0.7922 -0.0523 0.8194 0.5705 -0.1810 0.0648 -0.0116 0.9296 1.2443 -0.3062 -1.3108 -0.2269 0.3648 1.2286 -0.7949 -1.1428 0.5351 -0.0497 -0.3233 -0.0760 1.0736 -0.9271 0.4126 1.0656 0.0556 -1.0299 -1.7497 0.9235
0.9031 -2.0346 0.2328 -0.1433 2.0340 0.0734 -1.9842 1.2157 1.2370 -0.1655 -0.5336 -0.3758 0.6262 -0.7085 0.5049 0.3930 1.1877 -0.8904 2.4131 1.4655 -1.1866 0.2340 1.4281 0.9201 -1.0976 -0.9018 -0.8665 -1.2534 -1.4182 1.0718 1.3675 0.6238 -2.6699 -1.2342 -0.0893 1.3578 0.3318 1.4736 -0.5919 0.8064 -2.0355 1.1614 -2.0813 -0.8596 0.9706 1.3299 0.6893 0.5656 0.1313 0.3102 1.5651 -0.5566 -0.2243 -0.3981 0.5699 -1.7195 1.5515 -0.4765 -1.8680 -1.8744 1.9785 1.4516 0.5600 0.4781 1.3375 -0.9897
0.8947 0.2789 -1.0740 -1.9676 0.5718 -0.6791 -1.5558 -1.5557 -0.9169 -0.3212 -0.4922 -1.1958 -0.9300 -0.8182 0.7830 -0.0787 -0.8891 1.1874 -0.9950 -0.9782 1.1232 1.1957 2.2012 0.1364 0.7078 1.9339 0.7899 0.1074 -1.5394 -1.2390 -0.8222 1.0414 1.0711 2.1170 0.5551 0.5961 -0.2798 0.4693 0.5481 -1.0904 -0.1753 -0.4117 0.7809 0.1482 -1.7102 1.3604 1.7259 0.5151 -0.0562 1.2817 -1.8514 1.2090 -0.0595 -1.2263 1.0867 1.0418 1.3924 -0.0916 1.2516 0.6876 0.3095 0.6103 -1.7005 -0.3271 -0.4291 -0.5503
-0.7279 1.2393 1.0474 -0.4886 0.1939 0.8099 -0.7508 0.4564 -0.7596 0.1488 -0.4890 2.0892 -0.7424 0.7209 0.2462 0.7146 -1.1766 -0.9972 -0.8257 -0.4513 -0.3047 0.7091 0.5589 0.6851 0.9121 -0.9875 0.4153 -0.0706 -1.3327 0.6212 0.1068 -0.1007 -0.5710 -0.9920 0.8655 1.0613 -0.6737 -0.6529 -1.4173 1.5989 0.5885 -0.4529 -0.4428 0.4112 0.1185 -2.2347 0.0957 0.7388 -1.7427 0.0182 0.6635 0.1519 -0.3399 0.8323 -1.2964 0.2146 -1.9534 0.9534 -1.1562 -0.1582 0.5146 1.3401 1.1969 -0.5398 0.9755 -1.5534
-0.3962 0.8661 -0.7014 -0.6320 0.6093 -1.5146 0.2200 -0.4179 -1.2705 -0.9181 -0.3391 -1.6910 -0.0092 -0.5655 0.9331 -1.0984 -0.3981 0.5076 0.3402 1.1402 -0.4588 0.2658 -0.3070 0.8174 -0.7634 -0.7819 0.4980 0.9458 0.6219 -1.0323 -1.8050 0.7405 0.9872 -1.0655 0.1249 0.4556 -1.1105 -0.7155 -1.4967 -1.2697 1.5725 -0.1351 0.7807 -0.1157 0.5363 -1.0632 0.4549 0.0098 0.6592 0.8643 0.5571 1.6633 0.5545 0.1249 -1.6975 -1.7440 0.6963 -0.5426 1.0259 1.1643 1.5446 0.3064 0.2247 0.7365 0.5577 0.5463
-0.0486 1.4004 -1.0659 -1.2239 -1.1169 0.8779 -1.7188 1.7836 0.1430 -0.6953 2.4829 -0.0244 -0.6107 0.3054 -1.0550 1.1160 0.3948 1.2020 -1.0806 1.5509 1.1873 -2.4539 -1.5136 0.1010 -0.6787 0.9389 -1.1067 1.3621 -0.1064 -0.3313 0.3280 1.3180 2.1025 -0.0571 2.0435 -0.4675 2.2823 0.9176 1.0946 0.3431 -1.2910 0.7909 -0.2455 -0.8510 1.2047 0.2670 -0.0562 0.0538 0.4501 -0.3162 1.6701 -0.0874 -0.5105 -0.8141 0.4656 0.3421 -1.3331 0.8833 -2.3137 -0.3189 -0.8768 -1.2655 -0.3883 0.4546 0.0711 1.1055
-1.9692 0.0936 -0.7957 0.2683 -0.5595 -0.5122 -0.9225 -0.5774 0.8958 0.2259 -0.1383 -0.6163 -0.9070 0.5608 -0.0693 -0.0845 -0.2387 0.2729 -0.2076 -0.5788 -0.0992 0.6144 0.3611 1.0743 1.6094 0.0245 1.0521 1.3367 -0.3061 -0.1565 -0.1582 -0.7461 0.0318 -1.0976 2.0049 0.4907 0.7395 -0.0054 1.2232 -1.2492 0.8645 0.3660 0.7249 -1.4303 0.2678 -1.1098 -0.7128 -0.1309 1.6997 0.2383 -0.1272 -1.3873 0.1135 0.6086 1.3291 -0.2284 0.6448 -0.3601 -0.1836 0.4176 -0.4904 0.9269 0.0688 0.5529 1.1842 -0.0703
0.7536 -0.5421 -0.6414 2.2615 2.5891 0.5942 0.2348 1.6331 -0.5440 -0.1300 -2.4732 -1.9970 -0.5491 1.2490 1.5554 -1.4134 0.0595 -0.4534 0.7079 -0.6471 -0.0323 0.1113 -0.3891 0.5003 1.0228 -0.5316 -0.2854 1.1660 -0.0685 0.3937 -1.2068 0.7391 -1.9394 -0.9089 0.8018 -0.2066 1.2381 -0.6410 0.1943 -0.5632 0.5481 2.1340 0.7670 0.4465 -1.1143 -0.7491 1.2650 0.2601 1.5295 -0.3685 0.8276 1.7839 0.6927 0.1995 1.4617 1.2434 -1.1375 -1.4522 0.3564 -0.6322 0.6316 0.4083 1.3100 0.1678 -1.7603 0.2325
2.9049 0.6604 -0.6388 1.3594 -1.2528 0.7185 1.4790 -1.8504 -0.2670 1.1101 0.5604 -2.0187 -0.6866 0.5335 -1.0806 0.5153 0.6339 0.4638 -0.7746 -0.6773 -2.0586 -0.3736 1.6481 1.5221 -1.1544 -0.6421 0.8901 0.1514 0.6864 -0.1501 -1.1941 0.3972 -0.6935 0.0651 -0.6160 -0.3881 -1.5424 -0.4373 -0.7585 -1.1445 0.4199 0.1695 -0.4367 -0.3124 -0.5326 -2.3846 0.0825 -1.3689 -1.8851 0.6125 -2.0024 0.1010 -0.7523 0.4645 -1.6056 -0.5515 0.8322 0.3173 -2.2439 0.2868 -1.3871 -0.8199 -0.0276 -1.1300 1.4767 0.3930
-1.3757 0.4432 -0.4586 1.0743 -0.6378 0.4431 -1.5798 -1.1507 -0.9578 0.2095 0.3794 0.0650 0.2170 -0.0095 -1.5177 -0.2094 0.4408 -1.3433 1.3082 0.2082 -1.1279 -0.0871 0.8114 1.4834 0.8489 -0.9692 -1.1645 -0.0440 1.7711 -0.1032 0.4915 -0.1729 1.1539 0.6774 0.4628 -0.8531 0.7381 0.6563 -0.2498 -2.4453 0.0794 0.5948 0.2128 1.3925 1.6425 -0.7774 -0.9361 -0.5237 -0.4624 0.3594 0.2576 -0.3993 0.8718 0.2381 -1.2281 -0.9468 0.5424 0.3064 0.0469 0.6429 -1.2185 -1.3608 1.4723 0.0993 -1.4525 -0.8551
0.1434 -1.5745 -0.1971 -0.9563 -0.1562 0.5006 -1.0825 -1.4049 0.6541 -2.7058 0.8897 -1.4932 0.3126 1.9433 -1.4979 0.5459 1.6183 1.9196 -0.9010 0.4667 -1.8218 -0.3820 0.6409 -0.0267 -0.3432 -1.3288 0.5759 0.5192 -0.2837 -0.3774 -0.7783 1.0002 2.5640 -1.5026 -1.5262 1.6930 -0.5022 0.4439 -0.0098 -0.5947 -1.4781 1.4146 -0.4927 -0.5929 -0.7867 -0.6204 -0.7117 -0.7530 -2.1386 -1.5354 1.2396 0.9838 1.2410 -0.7021 0.6502 0.0966 -0.0321 -0.5937 -0.2842 0.3865 -0.5795 -1.1035 0.6913 0.7760 0.4037 0.1800
-0.9992 0.1186 -1.6614 -0.1850 1.1560 1.1122 -0.5218 0.5173 -0.3795 1.4477 -0.0717 0.4339 0.8080 0.7634 0.4416 0.2111 0.7358 -1.3481 -0.7457 -0.6524 -0.0488 -1.8115 -0.4513 0.7887 -0.4242 -1.5105 -0.9081 -1.1383 -0.1405 0.0230 0.2189 -0.7707 1.4061 0.5343 0.7574 -1.2851 1.3591 -0.4508 0.3399 -0.5081 1.1551 0.6575 0.1645 0.4583 -1.9298 -1.2884 0.4555 -0.5874 -1.8688 -0.1748 -1.1992 0.6732 1.1581 0.9696 -0.5287 0.3650 1.2848 -1.4192 1.8632 -2.3916 -1.2282 -0.2152 -0.3090 0.4995 -1.3555 2.4997
-0.1498 -1.0164 0.0729 0.2793 1.0587 -0.4350 0.5859 -2.6084 -0.7200 0.5607 0.1058 0.6785 0.2398 -0.1764 0.7951 0.0551 0.0232 -1.9720 -0.5733 -0.3206 0.8768 0.3068 -0.9042 0.3156 0.0022 1.6393 0.5141 0.6792 0.8218 0.8100 0.4417 0.1107 0.7271 -0.6867 0.0414 -1.7763 -0.6706 -0.8423 0.7763 -0.1078 -0.3905 2.9751 -0.1177 -0.9918 -0.3190 0.3151 -0.3357 -2.2341 0.9819 0.1830 1.3025 1.3734 -1.7394 -0.8652 0.0369 0.5120 1.4499 -1.0920 -0.6270 1.3771 -1.8554 1.1541 0.5570 -0.3141 0.9333 -0.0216
0.6080 -1.1408 1.1096 0.5327 -0.4870 0.2444 -0.1274 -0.5636 0.5441 1.3138 -0.5913 0.2536 0.5462 0.4730 -1.2273 -0.8138 -0.5662 0.2250 -0.3254 1.7379 -0.2131 -1.8800 -0.0707 -1.5928 0.3837 -0.5516 -0.6056 -1.3180 0.6790 1.6776 -0.8362 -0.7892 -0.1549 -0.8728 0.5770 0.4939 0.5656 0.6852 0.9942 -0.5917 -0.1120 -0.1356 -0.8112 1.8565 0.4593 -0.3462 0.3469 -0.5694 -0.4120 2.3990 -0.5211 -0.2351 0.3654 -1.1271 0.5005 1.2270 -0.8286 -0.9419 1.4994 0.2468 1.2059 0.8237 0.8827 -0.6753 1.9240 0.4432
-0.8538 -0.0489 1.4612 -1.4550 -0.2895 -0.1409 -0.0283 2.2539 0.0204 -1.1878 1.1410 -1.8228 0.1736 -0.4673 -0.1121 0.3046 -0.8192 -0.5608 -0.4467 0.0527 -1.9281 -1.1190 -0.0821 1.2451 0.3372 -0.1510 -1.4670 0.5126 0.6459 -1.2477 -2.1165 -0.0771 -1.3126 0.3763 -2.0897 0.2532 1.2574 -1.7147 -1.6519 0.1957 -0.2910 2.1526 1.3690 2.2027 0.4624 1.1186 0.2348 0.4097 -0.2544 0.4623 -1.2406 -2.0210 -0.8329 0.4963 -0.0420 1.0525 -1.4710 0.1182 -1.6040 0.7330 -0.2272 0.0366 0.1230 -0.1279 -0.2003 0.3957
