10
1.2381 -1.8413 -0.5066 0.0672 -0.0356 -0.0961 0.9425 0.4176 -1.3305 0.7619
0.0833 0.9293 0.4460 -0.1492 -0.2373 -3.2929 0.3784 0.0164 0.8436 -1.4621
-1.4445 -0.0950 -0.8802 0.6747 0.9578 0.5907 -0.5472 -0.3345 1.0113 -0.1525
-1.5781 1.0003 -0.1465 0.9799 0.0121 -0.3237 0.2115 -0.7426 -2.1699 -0.1549
-1.3486 -0.7280 1.1646 -0.7322 -1.2830 -0.1398 -0.6109 -0.4690 0.7255 0.8904
-0.9858 0.4464 -1.5843 1.3450 -1.3057 0.9238 0.3513 1.1882 -2.6983 -0.2946
-0.7230 1.8848 -0.0690 -0.3512 0.1837 -0.7422 0.3981 0.3863 -0.0977 -0.8583
-1.4109 -0.6924 1.6550 -0.8546 0.0780 -1.4012 1.1455 -1.0494 0.2170 0.4365
-1.3095 -0.3081 -2.6768 0.3458 -0.1072 0.6600 -1.0817 -0.9832 -0.3566 -0.9385
-0.4721 0.0548 0.6181 1.2652 1.2952 -1.6519 -0.7934 2.0867 0.0704 1.8218
