67
0.2565 -0.0174 -2.1412 -0.1186 1.1402 0.0685 0.4213 -0.9340 -0.3200 -0.1906 1.8045 0.1828 -1.9244 2.2940 0.6087 -0.4197 0.7637 -0.1176 1.3463 0.0474 0.4338 -0.8655 0.1413 -1.7263 0.9791 -0.9810 1.5980 0.7836 0.7088 -2.9130 0.7734 -0.0544 -2.4560 0.1410 -0.2300 0.6213 0.2902 -1.0003 0.3095 -0.1622 -0.9478 -0.5558 0.8868 1.2026 -1.5296 0.9130 -0.9186 0.3948 1.3268 0.6593 0.6042 -0.6830 -0.2598 -0.0322 -0.4411 -0.6051 2.4211 -1.2768 0.6073 0.6734 -1.1471 -0.0609 -0.2988 -2.6044 -0.3453 0.7472 1.8512
-0.0913 0.4529 0.2622 0.8109 0.0968 0.6784 1.0517 0.3919 2.0378 0.5576 0.4173 1.5166 -1.2916 2.7544 -0.7467 -0.6730 0.0056 -0.1994 -1.1937 -0.7956 0.1313 -0.0473 -0.6381 0.8053 -0.9689 0.7353 -0.8243 -1.1605 -0.5813 0.0007 -0.7606 -0.1483 -0.9094 0.8022 -0.8942 -0.1880 -0.3801 -1.5914 -0.6751 0.0459 -1.3826 -0.9215 -2.4803 0.2436 -0.0413 0.8805 0.2718 -0.3678 0.4063 -0.6415 -1.4715 0.9007 1.1317 -1.0608 0.8703 1.2993 1.5159 -0.6146 0.4482 -0.5483 1.1410 0.9029 0.1606 0.5893 -0.3667 0.9929 0.2534
0.0798 0.8531 -0.3612 -1.6252 0.0807 -0.8954 -0.4370 -0.1076 0.3890 -1.6265 0.7947 -0.1283 -0.5546 0.3873 -0.1019 0.7482 -1.6643 -0.1761 -0.7324 -1.1091 1.0453 1.0886 -0.0793 1.7180 0.7678 -2.4266 0.8516 -0.7897 -1.4611 0.4084 0.2421 -0.0364 -0.2083 1.7676 -0.1277 -0.1492 0.1519 1.1577 -0.1785 0.4616 -0.7588 -0.1800 0.0140 0.2484 -0.7521 -0.1724 0.6870 0.7410 -1.0488 0.2497 -1.9301 -0.3222 0.0505 1.3650 0.1871 -0.5577 2.4338 1.3485 0.7566 -1.7577 -0.2406 -0.8641 1.0443 1.9871 2.0774 1.5318 -0.7704
-1.5280 0.0209 -1.2476 1.1663 0.9266 -1.9639 -0.1138 0.3548 -1.4592 -0.7924 -0.1375 -1.2764 0.3971 -0.0864 -0.3297 -0.8248 2.6007 -0.3631 -0.3492 1.1281 -0.3481 -0.4628 0.3959 1.4499 0.1599 0.7243 0.5502 -1.4194 -1.7173 -0.6532 0.5843 -0.8161 0.4353 0.7292 -0.6915 -0.2570 1.2665 -0.1190 1.1801 3.7478 1.4334 1.0852 -0.5395 -0.9673 0.1529 0.3719 0.5622 -2.1122 -0.3263 0.8151 -0.0681 -0.6014 -0.3874 -1.3315 0.2890 1.6153 0.3805 -0.7849 -0.3014 -0.6603 0.2854 -0.3127 -1.6619 -1.8868 1.1289 -0.5262 2.1091
0.6971 0.1236 2.1098 1.1682 1.3604 0.2932 -1.2328 0.4524 -0.6026 -0.3588 -1.3381 -1.0765 -0.1225 0.7854 0.0958 0.3647 -0.3992 -1.9320 0.0773 -0.4532 -0.7517 -0.8774 0.8469 -0.2722 -0.8202 0.9016 -1.6820 0.8888 0.6648 -1.0891 -1.5337 -0.1120 1.5725 1.2745 -0.3183 -0.3661 1.8824 0.0480 0.3068 -0.5845 0.2371 -0.0508 0.0445 -1.0093 -0.8924 0.0815 -0.9607 -0.5693 0.5084 0.8425 -0.5147 -0.7917 1.8435 -0.0688 -0.0526 -1.2402 1.2259 -0.8054 0.2373 0.3576 -0.3744 -0.2759 -0.2050 0.7368 0.7707 0.5161 0.5641
0.7883 -0.6888 -1.0376 0.0958 1.0544 -0.5371 1.1604 0.4698 0.3308 -0.3985 -1.8292 -1.0792 -1.1190 2.2851 0.0601 0.3711 0.7516 -0.4979 -1.6726 0.7089 -2.3705 -0.3510 1.1084 -0.3000 1.1338 -1.1483 0.0125 1.2923 0.9626 -1.0494 0.2416 0.8558 0.1110 0.6506 0.0961 -0.6893 0.0996 -1.2647 -1.0684 0.8161 1.6203 -0.7028 1.2366 -0.5141 0.4456 -1.7041 0.9053 -0.6474 1.3845 0.1390 -0.6133 -1.6052 1.0036 1.0309 -0.8804 0.1661 -0.7790 -0.0476 -3.0428 0.5053 -0.1819 0.1705 0.2379 1.5963 1.3007 -0.3809 0.7608
-1.3346 -0.0722 0.9055 0.4844 0.5523 -1.2427 0.7451 -1.2295 1.7452 0.1946 -1.3864 -0.5634 -0.4880 -0.7759 1.2905 0.4216 0.0807 -0.7173 0.4678 -1.0101 1.1349 -0.1288 0.4258 0.2638 -0.5536 -0.5619 -1.7213 0.3093 0.2664 0.4250 -0.7969 -0.6504 0.3511 -0.8388 -0.0886 0.9177 0.8707 0.5183 -1.0376 0.4247 0.4116 -0.5589 -0.7831 0.1797 0.2751 -0.9631 -0.4826 1.5426 -0.4683 -2.3273 0.0106 0.0210 -0.4960 -0.7463 -1.8537 0.0172 -1.5817 -0.3885 -0.2579 -0.3464 -0.2812 0.1010 -0.0236 0.1984 -0.3195 -0.3321 -1.3123
0.2680 -1.5769 -0.5522 -0.9405 0.9953 -0.7893 -0.0891 -0.9845 0.9228 -0.1415 0.5662 -1.2218 0.0350 -1.0870 1.9229 -0.4571 1.4270 0.8282 -0.8907 0.2165 -1.6081 0.2004 -0.5394 -0.2787 -0.9915 -0.1097 -0.0551 0.3968 -2.0154 -0.6573 0.8586 -0.5843 -0.9628 -0.9075 1.4584 -0.7510 -0.4260 -0.0368 -1.9860 1.3686 0.4255 -1.7798 -0.1549 0.7110 -0.4407 -0.5423 -0.0645 0.7500 -0.4741 -0.4194 -0.7611 -1.1242 1.3154 0.2695 -0.7489 -1.1022 0.0662 -0.9888 0.9896 0.2108 1.4463 0.9292 0.7940 -1.4844 -0.7011 -0.4178 -0.2735
1.0326 0.5561 1.4219 -0.4364 -0.6082 -1.9928 -0.1762 0.6865 1.8019 0.2928 -1.4398 -0.7618 1.0491 -0.3275 -0.7386 0.6876 -0.9843 -0.9321 0.3711 0.2442 0.7950 1.6001 0.9923 -1.6543 0.7494 0.1754 -1.6557 0.0372 -0.7251 -0.0049 -0.4032 -0.7010 -0.8458 -1.7125 -0.8783 0.3852 0.9793 -1.1988 -0.4201 0.2949 -0.7221 0.3979 -1.6014 0.2976 2.3489 2.5261 0.5571 -0.4958 1.3734 -1.2409 0.6181 -0.2744 -0.1868 -0.8986 -3.5496 -0.1931 -3.2443 0.9015 0.5997 0.9636 0.2968 1.7088 -0.2323 -1.1308 0.5878 0.1976 0.6873
0.2347 -0.4248 -0.7200 -0.5309 -0.5011 -1.0434 0.4312 1.5690 0.8356 0.0139 -0.4831 0.7533 0.4206 0.2558 -0.4294 1.2458 1.2917 -1.8778 -2.1684 0.7891 -0.6544 0.7146 0.2869 0.1885 0.9564 2.1403 0.8029 -0.7925 -0.9911 1.3829 0.0711 -0.6278 2.4533 0.2674 0.5178 -0.1231 -0.0783 1.6197 0.3772 -1.1476 0.5023 0.0676 1.0130 -1.0830 -1.1096 -1.1500 -1.4202 0.2780 1.2758 -1.0499 -1.0628 0.3614 -0.3778 -1.0973 -1.1631 1.4877 -0.4486 1.4813 0.2081 1.2405 1.2171 -0.6957 1.1487 0.5703 0.1449 2.8410 0.6521
-0.8868 -0.6832 0.1386 1.0670 -0.4848 -1.4933 -0.4594 -0.2432 0.3083 -0.5242 2.5129 0.3713 -2.1976 0.7851 -1.1267 1.0223 -0.4243 0.3923 -0.4390 -0.1055 -0.4548 -1.1313 -0.6582 -2.1806 0.3080 1.1653 -1.0450 0.2510 -0.0708 1.3022 1.2108 0.6361 1.3191 0.0895 -0.8466 -0.0222 0.2652 1.8114 -1.6332 -1.5494 -1.6003 0.5139 -0.1746 -0.2583 2.4734 -0.3454 0.3956 0.2563 2.3814 -1.0572 0.6673 -1.7954 -0.5082 0.5319 -1.4882 1.6808 -0.8562 -0.1692 0.2054 0.4888 -1.0150 1.1522 -0.3094 1.8497 -1.6427 -0.5071 -0.3950
-0.8673 -0.4524 -1.3091 -0.8918 -2.0676 -0.0502 -0.5243 -0.0240 -0.2422 0.2603 1.0959 0.5696 -2.0142 0.1592 -0.5178 0.6598 -1.2883 -0.4732 0.0516 1.1404 -0.5156 0.0600 -0.0139 0.2276 0.3458 0.1402 0.5962 0.4798 -1.4567 -2.2722 1.8218 0.3675 -0.7474 0.8709 -0.0715 -1.8786 1.0404 -0.8944 -0.5787 -0.1654 0.7677 -1.1629 -0.6744 0.1150 -0.4382 0.1784 -0.3135 0.1278 0.5638 0.7370 0.6219 -0.1261 -3.0037 -0.5500 -1.9919 -0.1393 1.4216 1.2010 -0.5390 0.4782 -0.0711 -0.5639 -0.9671 -0.7542 1.0661 0.0002 1.0168
0.3885 1.2150 0.0723 -0.3773 0.6048 -1.4826 0.8070 0.5571 -1.2616 -1.6713 -0.2528 0.7430 0.4856 0.7859 -0.2038 0.5942 -0.8865 0.6572 -1.0055 0.3566 0.3361 2.1495 -1.9524 0.1613 1.5587 -1.3579 -1.0473 -0.5215 -0.7222 -0.6747 -0.9001 0.0172 -0.9645 -0.6981 -1.3904 0.3393 -0.1035 -1.1451 0.7706 0.9503 -1.2952 2.4013 -0.3280 0.8517 -0.7168 -1.1230 -0.1213 -0.9988 -1.1400 -2.5365 0.3799 0.0659 -0.9923 -1.9515 1.5900 0.5788 0.6348 0.9235 0.5144 1.9674 -0.2416 -1.0959 1.1946 -1.1491 -0.7690 0.1435 -1.5586
-0.3738 1.3988 0.1844 -1.2011 -0.9246 -0.6513 -0.7686 -0.4938 0.7419 -1.0757 -1.1312 1.0990 -0.1845 0.7694 0.2170 -1.6946 0.1283 -1.2179 -0.3435 0.4747 -1.0875 0.6985 -0.6582 1.1786 -1.4454 0.2195 -0.2257 0.7777 -0.2259 -0.4347 0.9315 -1.8316 -0.7344 1.1206 -0.2204 -0.1435 0.1339 2.4189 -1.3014 -1.2387 0.0837 -0.8484 0.1113 0.1797 0.4227 -0.9309 0.9001 0.1937 1.0408 1.6831 0.3310 -0.2143 1.0300 1.1209 1.0368 -0.5031 -1.1959 1.0589 -0.5012 -0.6716 0.6362 0.5370 -0.3155 0.0424 -0.6343 1.4262 -0.6691
-2.2784 0.8924 0.3315 -0.4562 0.0244 1.4332 -0.3147 0.1007 -1.3946 -0.6682 -0.6174 -0.1912 1.8523 -1.4495 0.4418 0.2461 -0.1679 -0.2800 -0.1486 0.0774 0.4018 -1.0318 0.8710 0.8780 -0.3269 0.2604 0.8399 -0.1738 0.7556 0.8798 -0.2982 -0.5224 -1.0585 -0.3351 -1.0728 -0.1999 0.5012 0.1108 -0.0548 0.6724 0.9515 1.3241 0.7459 -0.4687 -1.8304 -0.6713 0.6702 0.8369 -1.5463 0.2286 0.1400 2.9304 1.5893 0.7478 0.7803 -0.3915 2.9448 -0.3811 2.6161 0.2951 -1.1628 0.5380 0.1092 0.9675 -0.1651 0.0102 2.0741
0.9089 1.3715 -1.2988 1.5087 0.8077 -0.5476 0.6396 -0.4347 0.6801 1.8304 -1.4808 1.3751 -1.1816 -1.4496 -0.9505 -0.2950 0.5745 -0.0351 -0.3287 1.1045 -0.1690 0.5184 1.0544 0.4679 -1.8545 -1.3995 -0.2350 1.2255 0.3790 -0.1306 2.7289 -0.9970 0.1631 0.6570 0.6571 1.8088 -0.0752 -0.3656 -0.4661 0.6179 0.8748 -0.0753 -0.5401 -0.5936 -0.4791 0.8424 0.2764 -0.1360 0.9699 -1.9278 -0.2194 0.2675 1.0912 -1.0440 0.9371 0.9826 0.9904 1.1412 -0.2158 1.1200 0.4825 1.5006 2.1416 -0.7180 -0.4424 1.6573 0.6271
0.3256 -0.1934 -0.4192 1.0724 -1.7861 -0.1348 0.3245 0.0967 0.2264 1.2525 -0.4674 -1.1273 0.5927 0.1861 -1.2021 1.4973 0.6408 -0.9230 -0.3817 -0.8980 1.9165 2.1395 -0.1605 -0.6864 -0.3202 -1.1884 1.9811 -1.6671 1.5331 -1.0416 0.5749 -1.3652 0.5474 0.4128 0.4851 0.4637 -0.1546 2.0676 0.6334 0.6449 -1.0830 0.0984 -0.4785 -0.9336 0.1115 0.3407 -0.8312 -1.5707 -0.9550 1.8395 1.5521 -0.7836 0.1611 -1.7443 0.4580 0.6626 0.4527 -0.5272 -1.0873 -0.1810 -0.4400 0.9229 0.1598 -0.0432 0.8024 2.6792 -0.6297
1.3117 1.2136 -0.4262 0.1102 -1.5270 0.2419 0.7216 0.4342 0.8398 1.4288 0.3748 -0.4591 -0.2399 0.5519 -0.0474 0.7216 1.4059 -0.2644 0.6778 1.3426 -0.7056 0.4649 0.4182 0.7092 0.0830 -1.0247 -0.3874 0.7552 0.3424 -1.7081 0.9995 1.9900 -0.6014 -1.4304 1.0986 -0.3933 0.3062 -0.7719 -1.4102 0.4947 0.6181 0.6434 0.8277 1.4381 0.0303 -0.3720 1.6844 -1.4503 0.7817 1.7235 -0.1035 -1.0154 0.0893 -0.8516 -0.0696 1.2141 1.6454 -1.0925 -0.1942 0.0077 0.8591 -0.5543 1.5174 2.3978 3.0656 -0.0815 -1.0580
-0.1346 1.3938 -0.5507 -0.6215 -0.0569 -1.0001 0.4123 0.7223 0.0258 -0.4823 -0.3003 -0.3992 1.7490 -0.5717 -1.6206 -0.1566 0.4706 -0.2980 -0.5108 -0.2870 1.0287 0.3075 1.4174 0.0040 -0.4940 -0.6954 0.6079 -0.5914 0.7371 0.4750 -0.2989 -0.0224 -1.0171 0.0456 0.3964 -0.9953 1.2033 0.4727 -0.3297 -0.1010 0.3176 1.6001 0.3164 0.5310 0.5629 -0.3154 0.1518 -2.0677 -0.5086 0.4047 -0.0056 1.8576 -0.3975 0.3236 1.4298 0.0560 0.2834 -0.6998 0.3540 -0.8352 0.5376 -0.0330 -1.4110 0.3571 1.1846 1.1903 2.0794
-0.4536 -0.9126 -0.4287 -1.1211 -0.3642 0.5164 -1.5473 1.3932 0.0129 0.7548 -0.8904 -0.6401 -0.7757 0.2942 1.0231 0.0193 -0.0849 0.2243 -0.9418 0.2864 -0.1570 0.0685 -0.2457 0.0239 -0.1877 -0.8819 1.0826 -1.1068 1.7333 -0.2973 -1.7197 0.6126 0.4944 0.2169 0.1611 -0.9159 -0.6693 -0.1018 0.1175 0.5691 -0.0921 1.3829 -0.7479 1.3068 -0.2839 0.3766 1.0888 -1.3229 1.2109 -0.6970 0.0781 0.5795 -0.4326 -0.3449 -0.0852 -0.5823 -0.4445 -1.7162 -0.3185 -1.2051 -1.7871 0.2454 -0.3366 -0.0079 -0.4309 -0.6564 0.4712
0.5307 0.6123 -1.0974 -1.7945 0.4868 0.4484 -2.2080 -1.5565 0.4060 0.0889 -0.0080 1.4229 0.7964 0.0724 -0.1381 1.2102 -1.4182 0.1956 -2.4212 -0.9778 -1.4403 0.9835 2.3278 -1.7263 0.6482 0.0336 0.0685 0.0217 0.7532 -0.3516 0.4668 -0.1350 0.4724 0.6595 1.2313 -0.5826 0.0961 -0.5745 -1.2025 -0.5270 1.1353 1.0689 2.3149 0.4763 1.0996 -1.4511 -0.6717 0.6796 0.2762 -0.9517 0.3641 0.8317 -1.2749 -1.9398 -1.6056 -1.4630 1.3916 0.0412 -0.0194 -0.6991 -0.2617 2.1319 -0.0043 0.1186 -1.0839 0.5368 -1.7625
0.2300 0.8912 1.2403 -1.7976 0.4705 1.8569 0.8084 -0.9542 -0.6116 1.1448 0.2432 0.7620 1.7744 -2.8834 -1.7059 -1.1407 0.2701 -0.3328 2.8990 -0.9583 -0.0838 0.5368 2.0271 0.8537 -0.0913 -0.5512 -0.8112 1.4091 -0.6723 0.1376 -0.3671 -0.2103 -2.7863 -2.1815 0.2395 0.5949 -0.3779 -1.2351 1.2639 1.0322 -1.0471 0.1703 -0.1398 -0.1294 -2.1306 -0.2053 0.3222 -0.9866 -0.1287 -0.4015 -0.1853 0.5346 -1.4798 0.0314 -0.4509 0.9781 -0.5403 1.4926 1.0268 2.0386 0.2662 -1.0915 -0.5559 0.6247 -2.0574 0.7435 0.0712
-0.3775 0.0703 0.4595 0.7853 -0.1098 0.3924 -0.9293 2.4207 -0.8328 -1.2910 -0.0756 -0.2168 -1.1031 -0.2635 -1.5534 0.6769 0.0711 0.2486 0.2772 -0.3131 1.1532 0.2490 -1.1510 0.7324 -0.1084 0.8635 -1.6760 -0.0923 0.9765 -1.0150 -0.0308 -0.2340 0.6867 1.1349 2.2299 0.3435 -0.4195 -1.3604 -0.1084 -0.2471 -0.2716 1.2464 -0.6375 1.6110 0.6091 -2.0476 0.2383 -1.2214 -0.1876 1.0864 0.9146 0.7395 1.5029 0.0055 -0.3075 -1.0581 1.2748 0.8195 0.3781 -0.5048 -1.5188 3.3131 -0.1190 -1.2717 -1.3976 -1.3562 0.8173
-0.8606 0.2008 -0.7116 0.9288 1.0954 -3.1551 0.7625 -0.5638 -0.4703 0.2742 1.1900 0.7897 0.8671 0.0028 0.6674 0.3497 0.3493 0.4667 0.8394 -1.2405 -1.1947 -0.4837 1.4268 -1.4742 1.6384 -0.5109 -0.6559 -0.3182 -0.5998 -0.6546 0.8399 1.1589 -0.1160 0.1399 -1.2205 -1.7403 1.2575 0.9121 0.3041 0.1934 1.2417 1.1873 -0.2955 0.0963 0.2324 -1.9396 0.8476 -0.4267 -0.9710 -0.3783 1.2613 -0.1400 0.3147 -0.7738 1.5285 -0.7337 -1.5093 0.1509 0.0770 -0.6872 -0.3001 -2.4126 0.3882 1.3270 -1.2855 -0.9777 -1.8463
0.0878 -0.4291 -0.8223 -0.3519 -0.6266 0.8777 0.2008 -0.6027 -0.0142 3.5385 -0.5627 -0.0936 -0.3723 -0.9173 0.8845 -0.5691 0.2566 2.4123 0.6647 -1.2318 -1.7913 0.1937 -0.2956 -2.2121 0.8423 -0.7434 0.8074 0.0803 -0.8628 -0.3084 -0.9182 -1.0679 -1.4322 -0.3007 0.3043 -1.2972 1.4732 -0.7401 -0.2399 -0.3612 -0.3524 -0.5290 -0.1709 1.4447 -0.4042 -0.9935 -0.1480 -0.3288 1.6596 -0.9366 0.4471 0.4532 0.7972 1.3325 0.3727 -0.1662 -0.3712 -0.5339 -1.0997 -0.8036 0.0128 -0.9170 2.2174 1.7812 1.3043 1.6322 -0.3295
-0.2334 -1.0984 1.6945 -0.6373 0.9612 1.9929 -1.0931 -0.9567 1.0624 1.4895 -1.0054 -0.5494 -0.6915 0.8592 0.1891 1.2675 1.5937 -1.3528 -1.4078 1.3847 -1.9391 -0.6335 -0.6961 -1.9442 -0.8946 -0.6579 0.0804 1.4806 0.3383 0.4575 0.2434 0.7592 0.1076 -0.3392 0.2751 0.7073 -0.1711 -0.9202 -0.4373 -0.9046 0.3754 0.1977 -1.4900 -0.8428 0.8375 0.1928 0.3734 0.4767 1.6311 1.0536 0.6089 0.5431 0.8073 0.1212 0.2547 -0.5563 1.6492 -1.1415 0.0800 -0.1418 1.3221 -0.0316 -0.2211 0.7321 0.9176 -1.0700 0.4944
1.4052 1.9083 -0.4662 -1.6435 -0.4061 0.0249 -0.2247 1.3065 1.4014 -0.7818 -0.0485 -0.6746 1.1384 -0.9304 -0.2253 -1.1358 0.3356 0.7115 -2.4846 -0.4441 -0.1681 0.1027 -0.0361 0.6692 0.7500 0.3893 -0.4485 0.4909 -0.9326 -0.5082 -0.8312 0.8094 -1.2329 -0.6605 0.2287 0.4850 1.6095 2.0637 0.0471 1.9079 -1.9766 -1.7565 0.5221 -0.5414 -0.3828 -0.0735 -0.3051 -0.4070 0.2184 0.8601 1.2040 -0.4573 -0.5450 -0.8530 -1.5355 -0.3075 1.5079 1.5631 0.0083 -1.1637 -0.8669 -0.4766 -1.0218 0.1085 0.2927 -1.7040 0.3795
1.8042 -1.6983 0.0297 -0.9294 -1.6709 -0.0300 1.4290 -0.6478 -1.1925 1.2063 0.7499 0.6677 -0.1561 0.0513 0.2159 1.1949 -0.1311 1.3011 -0.8033 -1.7706 -0.0270 -1.2736 0.9304 -0.4965 0.6121 -0.7411 1.7449 -1.1426 -0.0775 -0.2857 -0.6080 -1.0645 1.5534 0.6923 -0.9774 0.1561 -0.0269 1.0249 -0.6487 -0.6480 -0.7497 -1.2433 -0.6805 -0.6651 -1.4243 0.1219 -0.7834 1.1522 0.3938 -1.0809 -1.3060 0.5399 -0.9649 0.5506 -0.8934 0.0407 -0.2972 0.2435 0.9608 1.3238 1.5328 -0.8013 -2.1890 1.0523 1.4216 0.3015 1.2715
3.0311 -0.5628 -0.8918 0.5506 -1.3954 0.6245 -0.7192 0.6162 -1.4861 0.6016 0.3431 -0.5074 -0.5409 0.4054 -0.5172 0.0412 0.7413 -1.1949 0.0489 -0.0061 1.1544 -1.3652 -0.9318 -0.1358 -0.7805 0.4250 0.3756 -0.3047 -0.9105 -0.4556 0.2301 0.5337 -1.2483 1.9678 0.2628 -0.2842 1.5434 -0.0149 0.0038 -0.1994 0.1899 -0.4912 -0.8268 1.3207 -0.2218 -0.6031 -2.0429 -0.1461 -0.1917 -0.2013 -1.0093 0.4262 0.2974 0.0384 1.2663 -1.6555 1.3716 0.9367 0.1835 -2.1307 -1.1499 1.1840 -0.6589 -0.3533 0.3858 0.1077 0.8177
-2.0162 -1.5301 -1.3240 -0.0950 -0.9298 1.8461 -0.5353 0.8320 -0.7830 -0.8872 -1.8160 -0.1652 0.1479 -0.0045 -0.5726 -1.2105 0.2322 0.1037 0.1839 -0.2214 -0.6163 1.6454 -1.2367 -0.0568 -1.0385 -0.6760 1.4723 -1.9891 -0.6497 -0.0908 0.5851 -0.1493 -1.0012 -1.2736 0.9628 -1.8495 1.6813 -2.6616 0.3241 -1.0124 -2.7946 0.1126 1.1770 0.1636 -0.1904 0.3497 0.6153 -2.1933 -0.2905 -0.1964 -1.6541 1.1473 1.0808 -0.6593 -0.6598 -0.6889 -0.3359 -1.9356 -0.0194 0.2008 0.1161 1.0069 0.8641 1.2511 -0.8695 1.1801 -1.6454
0.9388 0.1181 -1.5692 -0.7208 1.5951 -0.2601 0.4766 -1.1111 -1.0105 0.9343 -0.1457 -0.1046 -1.2469 -0.1555 -0.1226 -0.6464 0.4621 0.0242 0.0055 0.1589 0.4140 -0.4320 0.6635 0.9190 -1.1734 -0.2784 -0.4280 -1.2401 -0.7152 -0.2216 0.3939 -0.6508 1.4199 -0.8793 -0.3429 0.8979 0.7260 0.8576 -1.1283 -1.7759 -0.6466 0.7280 0.8732 -0.4653 1.0894 0.9795 0.0233 0.3457 0.9758 1.0532 0.0400 -0.2281 -0.7191 -0.1607 0.9768 -0.8853 -1.4236 3.1381 -0.6179 0.7283 2.5571 -0.0033 -0.8934 -0.1009 0.6113 -0.1164 -0.5365
1.3390 0.0830 -1.0895 0.1455 -0.9685 -1.0052 -1.0831 -1.1462 -0.1736 1.3182 0.3648 -0.0759 -0.8554 0.1327 -2.2432 -0.9040 0.0295 -0.8992 1.6473 0.6473 -0.9715 -0.9547 -0.8975 -0.4974 0.3568 0.7646 -0.3845 -0.6802 0.9004 -0.7893 0.7529 -0.5823 -0.4490 -0.6408 -1.0140 0.9254 0.8617 0.0865 -1.7357 1.9873 -1.4027 1.6885 -1.0018 -2.2164 -0.3976 0.7873 1.6223 -0.0847 0.5816 -0.4968 0.6367 -0.4170 0.2382 0.6736 -0.8305 -0.2552 0.4059 -0.5301 0.5014 1.5405 -0.3745 -2.2837 0.2035 -0.4038 0.8273 0.4151 1.0754
0.1790 -0.0514 -0.8199 -0.5315 -0.3220 1.5956 0.0283 0.4442 1.2406 -0.1533 0.7146 -1.5081 0.4678 -1.4782 -1.0839 -0.6633 1.9053 -0.7459 -1.4691 -0.5856 0.2455 -0.1014 -0.5220 0.1048 -0.7853 0.4960 -0.2725 -0.5538 0.6743 -0.4035 0.3196 1.6691 2.2017 -0.0031 -1.4506 -0.1670 -0.9065 1.3936 -0.5801 -1.5275 1.0950 0.5316 -0.6859 0.3918 1.6969 0.4099 1.8094 1.0167 0.1287 -0.1614 0.7404 1.2415 -0.3451 1.0314 -1.0967 -0.2788 -0.4451 -1.2148 -0.7564 0.4849 -0.3685 0.8014 -1.4727 2.3303 0.5613 0.2687 -1.1609
-0.3444 0.9232 -1.1300 0.6818 -0.4204 0.6097 1.0524 -0.2812 0.2770 0.5238 0.3216 -1.6121 -0.6664 0.1545 -0.5935 0.7488 -1.1859 -1.7964 0.6403 0.1956 0.1875 0.2566 0.9090 0.3372 2.3057 -0.6699 -0.1930 -0.2520 -0.6201 2.2967 1.3205 -0.8839 -0.5076 0.2024 1.3733 -1.3897 1.6041 -0.7471 -2.1493 -1.6865 -0.3919 -1.1914 0.1454 -0.1157 -1.4911 0.5203 0.3410 1.5480 0.3277 0.0991 -0.6760 -0.7641 -0.0692 -0.5973 1.6912 -1.4077 0.8079 1.2823 -0.0342 -2.1881 0.2223 1.2103 -0.3339 0.4739 -0.1785 0.2172 0.8559
-1.2483 0.6648 1.1950 -0.7707 1.6544 -2.1413 -0.8149 -0.4158 0.4821 0.0332 -0.9434 0.4884 2.5816 1.6392 -1.3829 1.1022 -0.4723 1.2383 0.4103 -1.1922 -0.1243 1.4947 0.6009 -1.3787 -1.9029 -0.1269 -0.5651 -2.3249 -0.4522 -0.0149 -1.6201 0.5824 0.7741 0.2763 -0.1361 0.3505 -1.0992 1.8853 0.6265 0.6067 -1.2890 1.1503 -0.4980 0.2683 0.5520 -0.6681 0.7227 1.0333 0.4359 -0.3322 -1.3429 -0.4439 -1.0933 -0.8815 1.6530 2.0061 -0.7142 -0.5596 -2.2370 0.7239 0.8936 0.1478 0.7925 -0.1956 -2.2579 0.9485 -0.3279
-1.6856 1.6707 0.0067 0.5977 -0.0352 0.5093 -2.0022 0.7906 -2.3273 0.0336 -2.1987 1.3314 -1.5948 -1.2635 -1.4826 -1.3771 1.3368 -1.1759 0.1307 0.7662 0.7506 1.4045 -0.0724 -0.5659 2.0505 0.7868 -0.7592 -0.8271 -0.2081 -0.3725 -0.8166 -0.4038 0.9567 -0.2631 0.8663 -0.3539 -1.0504 -0.4226 -1.1117 -1.3654 -1.2029 -0.6724 -1.0010 -0.0569 -0.5228 0.6014 0.9580 0.0548 1.4735 -1.4010 1.8394 -1.6735 0.1095 0.7459 -0.7469 -0.1023 -0.2400 0.0342 0.6775 0.9240 0.9857 2.0965 1.0202 0.0837 -0.0861 0.7818 0.8051
0.5774 1.7806 1.0300 -1.3943 0.4043 0.1408 2.3167 1.0823 0.7312 -0.4921 0.2278 0.9238 -0.1780 1.2139 0.8069 1.5847 -1.1469 0.9337 0.2607 0.4853 -0.2075 -0.0409 1.2661 0.5631 1.9129 -1.6781 0.3953 0.7019 1.1686 0.8777 0.9055 -1.8771 -0.6133 1.0822 0.3754 1.0327 0.2198 0.3804 1.4514 1.5034 0.3877 1.2742 0.1701 -0.1283 -1.3896 1.0208 0.4696 1.7096 0.9371 -0.2812 -0.5339 1.7130 3.4910 -0.4547 -1.4222 -0.4748 -0.9369 1.7303 -0.6485 -2.3565 0.2159 -0.4190 2.1118 -0.4221 0.0597 1.0723 -0.8105
0.1412 -0.6057 0.4432 0.5989 1.0186 -0.2342 0.3388 -0.3887 -0.6184 1.3675 -0.5562 1.2274 0.2073 -1.2095 -1.2274 0.0987 0.7499 -0.6152 1.7927 0.0915 0.9281 -2.0602 0.5971 0.1608 -0.8267 0.4785 -0.7720 0.4052 0.7302 1.5980 1.5062 -0.3298 -0.1315 0.3570 2.1775 -0.7143 -0.2646 -0.0007 -0.3141 -0.5939 1.1959 -0.2822 -0.2381 0.0984 1.2463 -1.6719 0.5718 0.1135 1.4461 1.7930 -0.2247 1.2332 -2.7758 -0.2556 0.7431 0.5363 -2.2674 -0.5252 0.1840 1.0763 -0.9290 -0.9680 0.3541 1.2006 0.4519 1.1672 -0.1888
0.0988 -2.0133 0.7372 0.9371 0.5024 0.4297 -0.7049 0.2310 0.6740 0.5599 0.5926 -1.2664 -0.0325 -0.0061 1.8428 0.3131 1.3835 0.2613 1.9050 -1.5214 -0.6936 0.7813 -0.3519 1.4004 1.0818 1.6736 -0.3918 -0.5638 0.0025 0.9831 0.0818 -1.0477 -1.1413 0.8204 -1.6585 -0.0790 1.6335 -0.0977 0.0746 0.2845 2.2412 0.7496 -0.1855 1.3857 0.3628 1.6151 -1.2395 2.1007 0.6618 -0.6455 0.2485 1.5285 1.3803 -1.4869 -0.0618 -0.6954 -1.0768 0.6697 0.5854 -1.4689 -0.3404 1.1149 -1.7965 1.0507 1.3289 -0.0072 1.7189
-0.5232 1.5270 -1.9625 0.1440 1.3434 -1.7069 0.2334 -0.1401 -0.4473 2.4461 0.7226 0.8637 -1.2876 -1.5001 -0.5735 -0.5867 -1.0696 0.7284 -2.8703 0.6366 0.8201 0.6585 -1.5020 -0.8594 -0.3539 -1.4748 1.6291 0.0438 -1.9426 0.5113 -2.5968 -0.3754 -1.6552 -0.3147 -0.2838 -0.0983 0.8863 1.3153 0.5337 0.1320 -1.2671 0.5079 -0.2787 0.7855 0.5145 -0.1433 0.6292 0.0676 -0.7411 -0.4065 2.0117 0.8702 -0.2037 0.4253 -0.6945 -1.3802 -0.4025 -1.0468 0.9919 0.1378 0.0816 2.2972 0.7031 0.2174 -0.9847 -0.4764 0.7424
-0.2226 -2.0031 -1.7113 1.3162 2.4946 0.4285 0.0771 -1.3190 -0.6863 0.5460 -0.8353 0.7887 1.0818 -0.7701 -0.7028 0.5245 1.3627 0.3099 2.2340 -1.5765 0.2203 -0.4401 0.5503 -0.3756 -0.8862 0.7148 -0.4249 1.5675 -0.8958 -1.2447 0.6449 -0.0222 -1.1113 0.2579 1.5975 0.6834 0.5704 -0.3469 0.5430 -1.5865 -1.5813 0.0605 0.6584 0.6628 -0.7383 -0.9296 -0.4730 1.9559 -0.1661 -0.2225 -0.7685 -1.2179 1.1682 -0.3859 0.7298 -0.4329 0.0272 -0.0088 0.3150 -1.4705 -0.5131 0.4196 -0.8702 -1.4303 -1.7384 3.4351 0.2884
0.6850 -0.7022 -1.0210 -0.5033 0.3869 0.2149 0.8659 -0.2179 -0.2740 0.0256 0.8609 -0.1621 1.3423 0.1372 0.8507 -0.9848 -0.1487 0.7114 1.3530 -0.9514 -0.6958 0.5846 0.5363 1.1208 -1.2871 1.2016 -0.7670 -1.3586 1.1795 -1.3200 -1.5377 -0.9136 -0.1797 1.3238 -1.2986 0.3045 -1.2560 0.4431 0.5643 -0.9004 -0.1000 1.0104 1.1173 -1.3419 -1.2897 0.9989 1.7651 -1.2861 -0.8762 -0.7010 0.2323 0.3423 0.1139 0.3623 0.8595 3.3209 0.0872 -0.0882 0.3370 1.0013 0.4820 1.1745 -0.2102 -2.5238 -0.7829 0.4831 -0.4396
-0.3005 -0.5140 -2.4633 0.6626 0.6123 -0.2033 -0.7744 1.5723 0.6248 1.1003 0.5241 -0.9425 -0.7014 2.0816 0.0823 0.9087 -0.0320 -1.0087 0.1556 -0.4837 -0.0635 2.0313 1.9064 1.4853 -1.6734 -0.5162 0.1002 0.1375 -0.6036 -0.0779 -0.8671 -0.4233 -0.9809 0.4788 0.0575 0.7205 -0.5379 0.6280 -1.2161 1.2307 0.4181 -0.7586 -0.9222 -1.2310 1.0653 -0.4218 -0.9151 -2.3225 1.0891 0.1933 0.9761 -0.0663 0.3884 -1.4926 1.4943 -2.6635 -1.0704 1.7533 -0.6817 0.8095 1.0437 -2.0114 -0.7125 -0.7677 -1.1505 -0.2555 0.3506
-0.8659 1.9358 1.3398 -0.3876 -0.1384 0.9487 -1.3335 0.5829 -1.6758 -1.9376 0.1404 -0.3252 -1.3328 0.1611 -0.2335 0.0810 0.4205 0.3127 1.7497 -0.1406 1.3095 -0.2353 0.9813 -0.3145 -0.2014 1.4486 -1.3993 0.1969 -0.1724 0.2166 1.7241 0.2045 0.5027 0.8229 1.0788 0.1527 0.7250 -0.2478 0.9127 1.4798 0.5812 -1.1527 0.1015 0.2561 -0.0410 0.2304 1.6848 1.7683 0.2819 -0.4095 2.0806 -0.7248 0.6773 -0.4062 -0.4652 -0.2751 2.4477 -0.9096 -0.2477 0.9611 1.2389 0.0812 1.2960 -1.9415 0.4418 -0.5961 0.2182
-1.1030 -0.1372 0.4799 2.3365 -0.0006 -0.5774 -0.5289 0.9782 -1.5637 -0.4760 0.2662 0.4040 -0.2089 0.2513 0.1195 0.7324 -0.3181 1.3275 0.0975 0.1546 -0.8115 -1.6527 0.7215 0.7651 -1.0997 -0.3219 -0.5798 1.2631 0.1344 -1.1747 -1.0663 0.1809 -1.3136 0.9093 -1.0513 -0.8992 -0.3204 -0.3788 0.5443 -2.8417 0.2893 1.8067 -0.7943 1.5131 -0.4066 0.5431 -0.5294 0.1861 -0.5510 -0.1625 -0.4109 -0.3651 0.9687 -1.7856 -0.7560 -2.0717 2.1537 0.6318 1.7789 1.1040 0.0592 -0.3554 1.5225 1.2730 -0.2411 -0.5748 -0.2763
-1.1191 -0.6990 -0.6642 -0.9734 -2.0418 -0.2552 1.3773 -0.5919 1.2307 -1.3696 0.6469 1.0502 0.2039 0.1845 -0.5761 -2.3046 1.4822 1.9141 -0.5640 0.0705 0.7614 0.2971 -1.5948 -1.6107 -0.4632 0.4477 0.1296 0.0744 0.7397 -1.4148 0.4890 1.3729 0.5448 0.0350 -0.2049 0.9171 0.9408 0.0598 0.2974 -0.8196 1.3673 -0.6228 0.9402 -0.9986 -0.0431 -0.4967 -1.1748 1.2120 0.8508 -0.6192 -0.3820 0.3216 -0.0940 1.2400 2.2238 0.5296 0.1876 -2.1728 0.2991 0.3146 0.5937 0.9841 0.4614 1.6469 -1.7469 -0.9838 -0.3614
0.1083 -0.3921 0.5139 0.1437 0.9384 -0.4847 -0.0643 -2.0209 -0.3128 0.6677 -0.4209 0.3770 0.7150 0.0123 -0.3014 -0.6133 1.3780 0.9034 2.2845 -0.6135 -1.0683 0.8074 1.0099 2.2638 -0.0257 0.4638 -0.2726 0.2147 0.6642 0.9301 -0.2910 -0.5194 0.5814 1.2158 -0.0135 -0.6752 -1.5799 -0.2768 -1.3441 0.3885 1.0085 -0.9095 1.1381 0.5039 -0.0953 -0.4440 -0.1434 0.1265 -0.3565 0.2295 -0.2842 -1.8616 -1.1359 -0.3153 -0.5178 0.1050 0.3463 -0.4055 0.6113 -0.1002 -0.3265 0.4920 0.1258 -0.5089 0.5715 0.0249 0.0212
1.5643 0.2697 1.4526 -1.4986 0.3426 -0.6093 0.5916 -0.6077 -0.1782 -0.6681 -0.4588 0.1774 0.0937 1.1100 -0.0017 -1.2460 0.4363 1.0297 0.3003 1.0260 -0.4025 1.3288 1.9831 1.5057 -0.9133 -0.2782 2.5454 0.5125 -1.2038 -1.0954 1.0746 0.2894 -0.1596 0.8251 -1.1671 2.7366 0.3162 1.5291 -0.2510 0.4008 -0.8785 -0.3535 -0.8468 -0.6893 0.2654 0.0195 0.5309 -0.3204 0.2516 -0.4745 0.7700 -0.8622 -0.6878 -0.0943 1.0425 0.8142 -3.2087 -0.5321 -0.0165 -1.5503 -0.7135 -1.0380 0.4554 0.2009 0.8666 -0.7770 0.2394
0.6705 0.1003 -0.6441 1.9550 1.3347 -1.3479 1.5922 1.5323 -0.5593 0.5835 -0.7318 -0.9370 -0.2119 0.8052 1.7286 -3.6001 0.0155 0.5943 -1.7486 0.2542 -0.9439 1.2937 -2.3111 -2.2443 -0.4097 -0.2081 -0.5967 1.5920 -0.7793 0.4331 1.8585 -0.4199 -2.1473 0.1387 0.8122 -0.4196 -2.3673 -1.7438 0.7862 -0.8179 0.3030 -0.1946 1.3321 -1.7249 -1.1504 2.1340 0.9277 -0.7488 -1.4403 0.9613 -0.3762 -0.6792 -1.6092 1.2029 0.6415 -1.2763 -1.9903 2.0743 -1.6048 1.1413 0.8843 -0.8162 -1.0342 -0.0971 -0.9147 -0.8688 -0.7671
-0.2832 1.0307 -0.6858 0.7735 -0.2057 0.2468 -0.5136 -1.4425 -0.4367 -0.9318 1.3483 -0.4663 -1.7843 -0.1649 -0.2766 -0.6074 -0.1903 -1.1630 1.7989 1.4751 1.4534 -0.9692 0.6591 0.2672 0.2460 -0.7835 0.2666 -1.2976 0.5584 0.5595 0.3351 0.7646 1.5624 -1.0589 -0.4917 -0.0271 0.3280 0.3862 0.9690 0.5635 -0.4000 -1.5816 1.1596 0.1464 -0.1747 -1.5212 -0.1484 -0.7190 -0.6755 -0.2093 -0.7796 -1.4361 0.9409 -0.3187 1.3133 -0.0989 -1.0604 0.6554 -0.8900 0.4903 0.5565 1.1484 1.7671 0.8213 0.8246 1.3305 -0.1199
0.4708 -1.3522 -0.6932 0.2010 1.4772 1.4176 0.8207 -0.8869 1.3943 -0.4678 -1.3842 -0.7556 0.8003 1.0011 0.1229 0.2608 0.5027 -0.3138 -0.0939 -1.5037 -0.6816 -1.4491 -1.3950 0.2380 -1.6748 0.7863 -0.2843 1.0934 -0.4418 0.2583 0.5523 -0.5611 0.1607 0.3521 0.3530 1.0546 -1.2489 -0.1600 0.4956 -1.1442 -1.7723 -0.5792 0.0199 1.0624 -1.0032 -0.9443 -0.3525 0.0648 0.2734 -1.0327 -0.8056 -0.0705 0.7556 1.1757 -1.4432 -1.5614 -1.4156 -1.4315 -1.3517 -1.0487 0.0410 0.4738 1.5276 2.1622 -0.7499 0.2159 0.4919
-2.4049 1.2471 -1.0952 -0.8154 -1.1647 0.9584 -0.7185 -0.7147 2.1785 -1.0987 -1.8388 -0.8260 0.7432 -1.1248 -0.7146 -0.1048 1.3118 0.1320 1.4705 1.1048 -0.6687 -1.0109 -0.1426 0.5161 -0.7156 0.1286 0.2929 0.8216 -0.3771 0.2392 -1.8866 1.9336 0.9404 0.0564 -0.1105 -0.6407 0.0062 1.5033 1.1050 -0.7459 -2.3852 -1.4900 -0.0193 0.2794 1.9784 -1.2470 0.3641 -0.2201 1.4587 -0.8478 -0.2125 -0.6988 0.7390 -0.8602 1.4579 1.6503 0.9259 0.4621 -0.0843 0.0252 -0.6465 -0.0298 -1.2598 1.4863 -0.1143 0.8085 -0.9606
-1.9727 0.7025 0.2475 0.8831 0.5634 0.1681 1.0733 0.7156 -2.2252 1.7617 -1.6885 0.5059 -0.1653 2.0188 2.0135 1.6706 -0.7675 -0.7879 0.2524 0.1005 -1.0906 -1.4702 -1.4811 -1.0558 -0.2434 -0.0559 0.1794 0.1342 0.3329 -0.6765 -0.4495 0.9067 0.3269 -1.6496 -0.6570 -0.1751 0.1137 -0.8188 -0.8613 1.1066 0.3509 0.5252 0.1106 0.8041 0.9028 1.9648 -0.5803 1.1588 -0.6585 1.0613 0.8360 -0.7002 0.6846 -0.5023 -0.6073 -1.6208 -0.7387 0.8777 -0.3120 2.0889 -1.1535 -2.7609 -1.3754 2.7594 -1.9739 1.7947 1.4568
-0.0546 -0.3187 -0.9687 -0.5011 -1.3434 0.0015 0.4592 0.0752 -0.9439 0.8144 -0.8327 1.5235 1.7984 0.7629 0.4615 -1.2106 0.8175 1.3681 0.3218 0.2788 -0.1722 -0.3582 1.5666 0.6308 -0.3673 -0.6385 -0.8693 0.3621 0.4086 -0.0401 -0.1108 1.8988 0.1340 -0.6123 0.6762 -0.0740 0.6741 -0.4774 -1.0835 0.4217 -1.2509 0.4646 -0.2289 -1.3394 -0.2447 -0.7358 0.3046 0.0203 -0.1424 0.7473 -0.6147 2.6150 -0.5872 0.7274 2.3975 -1.5465 -0.3007 0.5260 -1.1481 -1.3076 0.5310 -1.1509 2.0939 -0.6018 -1.1960 -1.0314 -0.0180
0.1840 -1.5643 -0.6167 0.0212 0.7716 -0.1228 0.2198 -0.7952 1.1008 -1.3514 -0.4873 1.8201 -0.3217 1.6771 1.0397 0.0737 0.0273 1.7466 1.1823 0.1061 -0.0013 -1.2159 1.0313 -0.2297 -0.2235 1.6715 1.4374 1.2451 -0.1038 0.9607 1.4593 -0.8249 1.2313 0.4046 0.7711 0.0775 0.3368 0.8884 1.0206 -0.7720 0.6137 -0.3792 -0.8477 -0.4640 -0.5471 0.2350 -1.8827 2.0148 -0.7904 1.5294 -0.6140 -0.2282 0.5011 -1.7028 0.5603 1.0440 -0.1427 -0.9075 -0.0959 -0.4232 -0.7706 1.0012 -1.2379 -0.0211 -1.1264 0.4443 1.0231
0.2753 -1.5461 -0.9613 -1.4339 -1.2161 0.7749 -0.2448 -1.3525 -0.5219 2.0073 0.4991 -0.5926 -0.8607 -0.2558 -0.0367 0.0657 -0.0021 -0.9458 1.3602 0.0409 -0.0871 -0.9243 -1.6240 -2.2195 -1.0815 -0.5420 -1.6662 0.4973 1.4858 0.0489 0.7211 1.5707 -0.4719 0.9159 -0.7639 -1.0772 0.1707 0.5303 0.6618 1.4533 1.3756 2.8673 2.1714 2.7347 0.6788 -0.0304 0.8282 -1.3182 -1.7372 0.7506 -1.8797 0.8250 -0.8522 -1.5575 -0.9446 0.2467 0.5307 0.8784 -1.7337 0.5894 0.0933 -1.5966 -1.6637 0.4148 1.1397 0.4918 0.3427
0.0223 1.8524 1.9472 1.1603 -1.3076 -1.1569 -1.6275 -0.5189 0.6256 -1.1658 1.3695 -0.9719 -0.1472 -1.2493 -0.5877 -0.4265 0.1586 0.0009 -0.2165 -1.9845 -0.3418 -1.8278 -1.4907 0.7044 -0.4748 -0.2286 -0.4736 2.1814 1.5470 0.0889 -1.4974 -0.7223 0.2614 -0.4896 0.4024 0.7272 -0.2266 1.3579 -0.3528 0.4729 0.0009 0.7028 -0.4978 -1.8244 1.8024 0.7928 -1.0674 -0.2695 -0.2894 0.1129 1.1740 0.7820 0.3190 0.0836 -2.5191 1.3471 0.2948 0.9100 -1.1295 0.0852 -0.0548 -1.2732 0.2764 -0.0646 0.9937 0.4866 0.1646
1.0868 -1.2691 -0.3658 0.8210 -0.1885 -0.4977 0.2821 -0.5636 0.3749 -0.4823 0.6863 1.5595 1.5376 1.3701 0.8332 0.9797 0.6901 -0.8624 -1.2419 -0.4238 -0.3118 0.0042 0.4161 -0.2903 -0.7965 0.5381 0.8290 0.0107 1.5893 -0.6752 1.3261 0.0281 -0.4767 0.3338 -0.4375 -0.3131 0.1202 0.1870 -0.2821 0.4217 -0.9498 1.5038 0.8701 1.0539 2.1042 -0.6147 -2.3175 0.4393 0.1341 1.7708 0.1079 0.0804 -0.3840 0.0927 0.1604 0.5352 0.1435 0.4337 0.3143 1.6188 -0.7079 0.6726 0.7586 -1.2092 -1.1791 -1.1398 0.1365
-0.0901 1.9261 1.1556 -0.4643 -0.5540 -0.6005 -0.3520 0.0903 0.0374 0.6621 2.0822 -0.4391 0.3260 1.0172 -0.1078 -0.1731 1.0534 -0.1503 -0.1648 -0.5898 0.6598 0.9369 1.8071 -0.5883 0.7094 0.9013 0.9759 0.4910 -0.1156 0.0677 1.9838 0.3600 -0.6519 1.8482 0.3883 -1.0081 0.7121 -0.8167 -0.8672 0.0790 0.4911 -0.2957 0.8400 -1.0571 -0.3966 -0.7047 -0.4759 -0.0533 1.1581 -1.3846 -0.7232 1.2603 -0.5227 0.7265 1.3793 1.7242 1.1942 -1.5310 0.7358 1.0010 -0.0290 0.9409 0.2525 -0.3085 0.7218 1.9824 0.6587
-1.1687 0.6795 1.0799 0.6295 -0.8614 1.1599 -1.6064 0.8623 1.4613 2.2646 0.3419 -0.8018 -0.0543 0.9691 -1.4265 1.4856 -1.3214 -0.7347 0.0492 -0.8876 -1.2117 0.7772 -1.7193 -0.7913 1.1175 -0.4796 0.6158 0.6060 -0.6578 0.5174 1.7653 -0.6203 -0.7188 0.3276 -0.0161 -2.3032 -0.8459 0.3099 -0.4833 -1.0704 1.4670 0.0549 -0.0931 1.5229 0.8258 -0.5215 0.2930 0.6208 0.4002 -0.7370 -0.6232 -0.3084 0.7463 -0.4626 0.4416 0.6854 -0.7255 -0.6424 0.7881 0.3894 0.5973 0.5901 0.8050 1.6416 -0.1904 -1.8113 -0.8323
0.2726 0.8253 0.3584 0.6646 1.7287 -0.1056 -1.5638 -1.5571 0.0769 1.8688 0.5074 -1.1274 0.6276 -2.8605 1.5248 -1.0821 0.4538 -1.0474 -0.4002 0.3269 0.9605 0.0159 -0.6536 -0.5820 -1.1604 -0.1936 -1.2270 -2.0829 1.6758 -0.7252 -0.1746 -0.7179 -0.9897 -1.3298 0.7766 -1.0994 -1.2744 -0.6174 -1.4618 -1.0907 -1.0515 1.3003 0.3171 -1.4884 -1.0302 0.7322 -0.2338 0.8445 -0.5543 0.5291 -1.1268 -0.3912 0.2954 -0.3149 0.1992 -0.7371 -1.0315 -0.2380 0.2101 -1.3552 0.0645 1.3208 -0.1851 1.2196 1.4153 -0.4111 -0.2164
0.0897 -2.1838 -1.6419 1.7615 -0.0439 -0.1959 0.3902 -1.3274 -0.2234 -0.6811 0.0464 -0.6004 0.2634 -0.7378 1.1995 0.2939 2.0374 0.3460 -0.7319 1.2328 1.2184 0.7871 0.2689 -0.5320 0.8387 0.6416 1.9582 0.8330 1.2680 1.7658 -0.9527 -0.3792 -1.4334 -0.1444 2.8678 1.1612 1.0518 -0.7518 0.3115 1.9145 -1.1697 0.4007 -1.0353 1.2186 0.3459 -1.0380 -0.9312 -0.5543 -0.2928 0.8577 -0.4129 0.8219 -0.6029 1.0264 -0.5686 -0.1370 0.3854 1.7032 -1.6838 0.5479 -1.0313 0.4579 0.9748 0.1853 -1.1265 1.2235 -0.2530
1.0664 -0.7994 -0.6723 -0.8618 -0.8369 -0.6138 -0.8829 1.5545 0.0662 -0.8633 -1.1790 -0.2201 -0.7615 0.6575 -0.1978 1.6200 -0.8129 -1.6735 -0.9034 -0.5573 -0.4577 -1.5369 -1.2418 -0.4672 -0.5597 1.0564 -1.0420 -0.9092 -1.2658 -0.5107 -1.5456 0.9639 0.0711 0.1042 0.2288 0.1371 0.2807 -1.4611 -1.0129 1.5217 -0.8382 -0.4658 0.0067 -0.0871 -1.6064 -0.8219 -0.9226 0.5466 -0.1228 -0.9304 0.0678 -0.9434 0.4903 0.2316 -0.2688 -0.3658 1.8120 0.0935 -0.6894 0.5228 -0.1371 0.9778 -2.1164 0.1945 0.2070 -2.7857 0.7892
-0.5105 1.7498 -1.3826 -0.2871 0.2415 -1.6973 0.6838 -0.0582 -0.9388 -1.4389 -0.5831 -0.0023 1.2822 0.3968 1.6166 -0.4808 -1.4409 0.8263 -0.2631 -0.3222 2.0838 -0.5592 -0.3818 -0.5134 0.6966 0.2804 0.6802 -0.1424 -1.2567 -0.5279 0.8069 -1.3398 -0.7099 0.9518 -0.0792 0.2021 -0.2264 -2.7156 -1.0992 -0.0237 -1.2329 -0.4537 -1.4017 -0.1609 0.2831 -0.8376 -0.3272 -0.8748 -0.5339 -0.0510 -0.2763 0.5824 -0.5425 0.7392 -0.1715 0.9010 -1.3046 -1.2238 0.5444 -1.4919 1.4826 -0.5179 0.9473 1.3721 1.0017 0.0820 0.3485
1.1706 0.4592 0.0447 -0.9791 -0.6173 0.8535 0.5712 -0.7534 -0.0735 -0.4549 -0.0384 0.8188 0.8797 -0.8252 -0.5997 -1.4435 1.9024 -0.0819 0.8085 1.4831 -1.4358 -0.0293 1.9775 0.5470 -0.0907 -0.9973 -0.7895 -0.3186 -0.0188 -0.2168 -0.4835 -2.1993 1.0894 0.2159 -0.8890 0.2572 -0.1832 -0.2083 -0.0152 -0.2136 0.2015 0.7172 0.3520 -0.3973 -0.0842 -1.6121 -0.9115 -1.9736 0.7883 -1.1944 0.4124 -0.8060 -0.0430 -0.7914 0.7111 -0.5975 1.2514 -2.5675 0.4607 -0.1368 -0.6343 1.8531 -0.5573 -0.3893 -0.9638 -1.2875 -1.3131
-1.0138 0.2806 -0.3933 -0.7783 0.6615 -0.0387 1.6509 1.3188 0.1072 -0.5803 -0.2300 -0.6439 -0.4747 -0.6052 -2.4792 -0.5137 -0.6170 1.8633 -1.3250 -1.3211 0.9958 1.5282 -0.0274 0.5553 -0.2178 -0.1295 -1.5692 0.9026 -0.0696 -1.4911 1.4214 0.5560 -0.5314 1.4402 1.1316 0.7945 0.9844 0.5364 -1.1307 1.1524 0.2519 0.9812 0.2266 -0.7167 0.3405 1.3736 0.0631 -1.2002 -0.9301 1.3314 0.6196 1.8164 -1.7814 1.3303 -0.1764 0.7268 0.4778 -1.3670 -1.3694 1.2588 -0.3055 0.7061 0.3462 -0.0097 1.4483 0.5783 0.2063
-0.0095 -0.9464 0.6252 -0.2621 -0.5161 -0.7183 -1.2979 -0.4852 0.1131 -0.5492 0.4318 0.2615 0.9939 0.0639 -0.1525 0.6920 -0.1134 0.0702 1.7302 -0.7729 1.0020 -0.6853 1.9209 -0.3774 0.6715 0.4209 -0.4686 0.5562 -0.6314 1.4472 -0.0489 0.6836 0.3552 0.1809 0.0641 -0.1748 -0.1048 -0.8904 1.7526 -1.1513 0.6560 -0.5697 -0.3288 -1.0992 -0.5027 -1.8076 0.3246 0.1353 0.4459 -0.1074 2.0376 -0.6099 -1.2060 -2.0637 0.0346 0.8666 -0.6157 -0.6096 -0.1188 -0.1867 1.0224 1.4502 -0.9247 -0.1191 -0.0035 0.5465 0.1447
