30
0.3305 0.1910 0.3376 -0.6392 0.9912 0.0025 -0.0115 0.5526 -0.5615 -0.7175 -1.7091 0.1146 0.3848 -0.7332 -1.1666 -2.0685 1.0672 0.1878 -0.1923 -1.2601 -0.5594 0.4860 0.9668 1.4647 0.7416 0.1934 -1.7880 0.2867 -0.9341 1.4693
1.2825 -1.4896 -0.2105 0.3767 0.2197 -0.1589 -0.3131 -0.1525 -1.4389 -0.2528 1.3966 0.1796 1.1007 1.4437 -2.1935 0.7098 -1.3273 1.5992 -0.0808 -0.5028 0.4664 0.9944 -0.1279 0.1844 -0.9471 0.8145 0.2700 -0.3763 -0.4543 1.2601
0.5152 -0.6336 -1.0163 -1.0535 0.1830 0.2325 -0.1423 -0.9855 -0.6299 -0.1905 1.4293 0.5175 -2.1241 1.6431 1.3932 0.2661 -0.3178 -0.9137 0.2102 1.0647 -0.9868 -2.5001 0.0693 0.9281 -1.5799 -0.4169 1.0434 -0.5014 -1.8185 0.9741
0.6344 0.6564 0.1240 -0.7385 -1.0644 -2.2199 -1.2811 1.4108 -2.0941 1.2573 -0.9441 -1.2354 0.0243 -1.2841 -0.0999 0.7169 0.4614 -0.1812 0.5524 0.6170 1.0866 -1.6902 -1.3826 1.5293 0.5292 1.7012 0.2218 -1.9891 0.4229 0.1116
1.0595 -1.6541 -1.1092 1.6852 -0.7203 0.1431 1.2477 -1.0259 1.3495 -1.4255 1.7863 0.7246 -2.0886 -0.0370 -0.3549 -1.7577 -1.1565 0.8838 0.1751 -0.2923 0.9307 0.5238 -0.1272 -0.8745 1.7582 0.6692 0.4786 -1.0275 -0.0032 -1.9360
-1.3620 1.7909 -0.8686 -1.0172 0.2244 0.0040 0.7994 -0.3198 -0.5373 0.1571 0.3057 1.1259 -1.6929 -1.2560 0.8709 0.9398 1.3253 -0.3720 0.2709 -0.9965 0.2937 2.5636 0.7449 1.5294 0.7447 0.7217 0.2014 0.4594 -0.7291 -0.2229
-0.7865 -0.8013 0.8965 0.5484 0.0558 -1.1388 0.8197 -0.8723 0.9388 -0.6378 1.5527 -0.8100 0.7277 0.1574 1.5506 -1.1966 -0.2519 -1.8502 -2.0728 0.5671 1.2890 1.9449 -0.8661 0.1082 0.7271 0.7386 2.0299 -0.0635 -0.2076 0.2452
0.1282 -0.0631 -0.5129 -0.7210 1.1153 0.4086 0.4845 0.9051 -1.2069 -0.4284 -0.1190 -2.4045 1.8774 -0.2451 0.6543 1.7521 -0.3947 -1.4939 -0.8508 2.1473 0.1665 -1.7685 1.6316 1.6856 -0.1062 1.9047 -1.1138 -0.2308 -0.2033 -0.6188
-0.6114 2.0724 0.3817 -0.8988 -1.7550 -0.4774 0.3665 0.3393 -0.2711 0.0410 -0.4722 0.2781 -0.3365 0.6244 0.4199 -0.6929 0.4476 0.9762 0.9355 0.7865 -0.0946 0.6766 -0.7353 1.1431 0.3193 0.2476 0.9173 0.2372 0.1995 -0.3772
0.2054 0.6818 1.4200 -0.7946 0.3006 -2.2087 -0.1699 0.3401 0.6569 -1.5848 -0.4339 -1.2681 -0.3117 -0.0073 -1.2222 -0.2401 1.4838 0.5490 0.2440 -0.0810 0.5164 -0.4892 -0.7877 -0.6386 1.4613 -0.0436 2.0051 1.0429 -0.4793 -0.4340
-1.2571 0.1781 -0.7220 -2.3665 1.0559 -0.0644 0.1350 -1.4849 1.4356 -0.2737 0.4818 1.2750 0.8981 0.4520 1.0165 -0.4516 1.4787 1.5421 0.2874 -0.6041 0.6329 -1.6854 -0.0083 -0.6325 -1.7744 0.0789 0.8203 -0.4242 0.0560 0.6997
-0.4634 -0.5013 0.7405 -1.4604 0.5048 0.0772 -0.9236 -0.7993 0.7242 0.6384 -0.0051 -1.0316 0.6638 -0.1520 -0.5119 -1.7889 1.1900 -2.0642 -0.8128 -0.2407 -1.3972 -0.0952 -0.1052 -0.0018 1.9023 -0.1395 -1.0398 -0.1517 -1.1765 -2.0293
1.7617 -1.9147 0.7022 0.9944 1.9002 0.8763 0.3247 -0.7779 -0.9499 0.6151 1.1258 -0.2950 0.2873 1.6367 -0.7626 -0.1481 -0.7812 1.2797 0.2058 -0.2121 0.7033 -1.9242 0.3495 -1.2986 0.9653 -0.0434 -0.0743 0.0530 -0.2468 -0.2445
1.1977 -1.1376 -1.0787 0.0050 -0.1031 -0.4438 0.4554 -1.0290 -0.9679 0.9878 -0.0513 1.0704 0.3078 0.1925 0.5827 -0.7544 1.4304 -0.1666 1.3096 2.9114 1.4994 -0.4886 -1.4106 1.3282 0.7061 0.2914 1.1787 0.5938 0.7788 -0.4356
0.5226 0.0424 -0.8453 0.5675 1.2629 -3.2179 -0.9013 0.8050 0.3643 0.5034 0.9153 -2.6336 1.6339 -0.0315 -0.3100 -0.4425 0.5284 0.0828 1.2315 0.2985 0.8159 1.4703 -1.1577 -1.6912 -0.5617 1.6780 1.3367 0.1508 0.5143 -0.4021
-0.7627 -0.3116 0.4073 -0.1038 -1.5444 -2.1915 -1.5434 0.8656 0.3346 0.0468 1.7299 -0.0344 0.4615 1.8849 -0.8102 -0.5522 0.0547 0.5901 -1.0816 1.0664 -2.3272 -0.1351 -0.9654 -1.6155 -0.3600 -0.5881 0.6438 0.0365 1.9891 -0.1767
1.4747 -0.1836 -0.0430 1.3337 -0.2179 -0.9880 -0.8118 -0.0885 -0.9005 1.3723 -1.1254 -2.4972 0.0147 0.3520 -0.4907 -1.8768 0.7941 -0.6240 -0.4094 0.0163 -1.5172 1.2451 -0.5391 0.4016 1.7086 2.2775 -1.3567 0.1021 0.9468 0.8231
0.6476 1.1398 0.8060 -1.5226 -1.0095 -0.8357 1.6466 -1.0038 -1.2758 2.2868 1.6995 -1.0417 -0.7746 0.9945 1.5075 0.0947 0.0998 -0.2479 -0.1462 0.4418 -0.8701 -0.3637 0.4326 -0.5924 -1.8670 -0.5082 -0.4336 1.2561 0.0554 -1.4315
0.0743 0.0406 1.9756 0.2829 1.6177 0.9227 -1.2816 0.1339 1.0262 0.2455 -0.2612 -0.0765 -0.9021 0.2800 -2.1809 -1.0809 -0.6113 -0.6641 0.6775 0.6335 -0.2027 -1.7297 -0.8969 0.8499 1.0561 0.6811 1.5344 0.9987 -0.5511 0.8201
2.2410 -0.7937 -0.0404 -1.1407 1.3867 1.4128 -1.0379 0.1418 0.1817 -0.5776 -0.7892 0.9186 -0.4270 0.1893 -1.2734 1.1336 -0.5331 1.1688 -0.5733 0.9354 0.2811 0.0491 1.0428 -0.4047 -0.8459 0.5410 -1.6603 0.0562 -0.3578 -0.6209
1.1854 0.1171 0.1499 1.5771 2.5235 -0.0314 -0.7498 -0.7175 0.9033 -1.1346 -0.5470 -0.9041 0.6280 -0.8056 -0.9472 0.8295 -1.6159 0.6869 -1.8286 -0.6735 -0.8982 -0.7093 -0.8752 -0.4928 1.5681 -0.2997 -1.5452 -0.0297 -0.4670 1.1689
-1.0933 0.9018 1.2194 -2.7377 0.7368 -0.1781 0.2060 -0.6810 -1.7511 0.2755 0.1385 -1.3053 0.1689 0.6874 -0.5253 -0.1739 -1.0815 -0.7205 0.7190 0.5618 -1.8969 -0.6123 -1.1697 0.7510 -0.4342 -0.1964 1.1255 -1.4494 2.1197 0.1372
-0.6634 0.7883 0.6359 0.8218 -0.9719 -0.0272 1.0362 -0.4723 -0.8239 -0.4571 0.4762 -1.5274 1.1071 0.8852 0.6687 -0.9201 1.3168 -0.1281 -1.6399 0.6990 0.5798 0.0683 0.6844 1.3379 -2.1092 0.7010 -2.3549 1.0720 -0.5755 -0.8312
-0.7615 0.7456 -0.4781 0.0387 0.1511 -0.2269 -0.7669 -1.9423 -1.3854 0.2663 0.2173 -0.2759 0.5188 -0.1086 -0.7422 -1.4964 -0.5721 -1.0402 -0.0890 -0.0573 -0.5897 -1.5781 0.5050 -0.8455 -0.0215 0.0628 -0.4798 -0.0982 -0.5460 -1.4552
0.1383 1.2949 -1.3973 0.5434 -1.8670 -0.7708 0.6281 -0.0794 1.3128 0.3934 -1.6132 1.3048 -0.0905 -1.6610 -0.6425 -1.1912 -1.2682 -0.0507 0.2364 0.9994 0.8473 -0.1149 1.3101 -0.5398 -2.5841 0.6204 1.1439 -0.8497 -0.3977 -0.7291
0.1587 -0.7593 0.4631 1.7509 1.2163 -0.7781 -0.2527 -2.2657 3.0292 -0.7305 1.6099 1.2926 -0.8705 -0.1000 2.8434 1.3834 0.5648 0.3184 0.6911 0.0013 -0.0196 0.1676 0.3031 -0.2794 0.4260 -0.8985 -0.9711 0.6313 -1.3688 -3.3430
1.2837 1.4516 -2.9149 1.4940 -0.6498 -1.1493 0.1539 0.0201 -1.6179 0.2115 -0.5753 1.3402 -0.6478 0.7070 1.3466 -0.4229 2.0773 3.6089 0.4425 2.3337 0.7352 -0.3995 0.4438 -0.3064 0.1721 0.9637 0.1719 1.0472 -0.4073 0.8238
-0.0612 -0.7709 1.8391 0.9583 -0.1462 0.4533 0.7537 -2.1980 -0.9014 0.2963 1.3840 1.1307 -0.2923 1.1333 -0.0481 0.4787 0.2527 0.2309 -1.5871 -0.3747 -0.6299 -0.2211 -0.0808 1.8678 -0.3395 0.0762 1.9919 -1.7237 -0.4574 -0.1237
-0.3407 -0.2105 0.5766 0.6129 -2.7249 -0.0008 -0.6577 -0.3858 2.9481 -0.0128 -0.5602 0.6732 0.0200 2.1289 -0.2229 2.5153 -0.3860 -0.2222 0.1771 0.4373 0.8804 0.1140 -0.1843 0.3368 0.2424 -0.6980 0.5496 -1.2378 -0.8429 0.2056
0.1348 -0.5345 0.7372 1.4054 0.9611 0.1870 0.6636 -0.9625 1.0552 -1.1093 0.2371 -0.2192 0.5073 0.5474 -0.2497 1.2940 -0.0350 1.3913 -1.4170 -0.1071 -1.2069 -1.5838 -1.0849 0.5562 1.9750 1.8708 -0.5910 -0.7410 -0.4930 -1.7001
