41
1.4488 0.6869 0.6249 1.0455 -0.3752 -0.7815 -1.7688 1.2458 0.9014 -0.2436 -0.7014 1.0392 -0.6752 3.2811 -0.4580 -0.7573 2.4575 -0.2659 0.4268 1.5054 -0.6825 0.9516 1.3515 -0.5095 2.0393 1.0844 0.6594 0.3593 -0.1590 0.5300 0.9145 -0.2166 -0.0439 -0.4311 2.0172 -0.8289 1.8194 1.1204 -0.3641 2.2543 0.6348
2.2409 0.0892 0.2079 1.1442 -0.9893 0.8854 -1.0768 0.1242 0.1373 -0.7936 -0.6403 -1.0214 0.9077 -0.8453 -0.5107 -0.8715 -0.2320 0.2342 -1.0551 -0.3070 1.6102 0.2956 -3.4950 -0.6112 -0.2626 -2.4659 -0.7360 -0.6521 -1.7656 0.4362 0.9069 2.1505 1.0385 0.0861 -0.7169 1.8268 -0.3409 0.3760 -0.8467 1.7476 0.1932
1.4222 0.6462 -1.7179 0.2130 -0.2938 2.1868 -0.1577 -0.2746 0.3389 0.6428 -0.4006 -0.0488 -0.8021 0.5992 -0.1736 -0.2074 -0.2479 -1.5785 -1.2440 -0.4574 -0.3292 -0.6611 -0.5540 0.7020 0.7834 0.4410 1.0900 -1.1035 0.7177 -1.0562 -0.7790 0.5794 -1.4552 -0.0918 1.3077 1.4687 0.2208 1.9408 -0.0276 2.2030 -0.7916
0.1413 -2.1719 0.5209 1.0381 -0.6759 0.3397 0.0907 -0.6825 -2.4349 0.4697 0.2913 -0.8399 -0.0113 1.1752 -1.0063 1.0469 0.1058 0.1273 -0.2437 1.4869 -1.4840 -0.8720 -0.9806 0.2152 0.4095 -0.9950 2.1724 1.0395 -0.4096 0.6388 -0.3875 0.3572 -0.3337 0.7791 1.2404 -0.1427 -0.0409 3.5165 0.1243 0.7213 -0.2529
2.0037 2.9191 -0.9642 -1.5539 -0.2010 0.6289 -0.3263 0.0421 -0.4566 1.4915 1.8315 -0.9803 -0.3690 0.5343 1.1148 -0.2407 -2.1995 0.2785 0.5825 -0.2132 -0.3805 -0.0478 0.2771 0.5661 -1.4557 -0.3691 -1.4884 -0.0814 0.2667 -1.4968 1.0075 -1.2122 1.3446 -0.8536 0.0456 -0.8881 1.9233 0.1936 0.6628 -0.8592 -2.3531
-0.4948 0.7845 0.2550 1.1535 1.2833 0.9955 1.9611 1.1640 -0.1616 -0.9287 0.1019 -1.1764 -0.1431 0.2340 -0.9346 1.1383 -1.3252 0.7543 -0.1021 -1.2599 -0.7236 0.6743 1.2311 -0.0566 0.5876 -0.3718 0.4171 -0.0303 1.1358 -1.5630 0.7483 0.1225 -1.0168 0.4719 -0.9118 0.4206 0.2647 0.8575 -1.4682 -1.4624 0.3628
-0.3677 -1.2423 1.9476 0.5365 0.4403 1.0256 -1.1120 -1.2450 0.1923 0.1803 0.3654 1.5363 0.0085 0.2358 -0.3270 -0.0895 0.8730 -1.4674 -0.5697 0.8584 0.9782 -0.5140 -0.7063 -1.3446 1.7896 1.0004 0.0839 1.0667 0.3282 0.8379 -0.1957 -2.1728 -0.1298 0.2070 -0.5961 -0.3188 1.5791 -1.0616 1.0150 0.8131 0.6407
-0.8517 -1.2366 0.2433 1.3210 0.6036 0.3927 -0.8909 -0.7313 0.4240 -0.5810 0.2397 -1.2564 -1.2908 -1.3337 -0.7748 1.0577 0.4003 0.5730 -1.1272 -1.1137 -1.4200 -1.3750 -0.9240 -0.2135 1.1297 0.4327 0.5245 -1.6311 2.2711 -0.1984 0.5798 1.1328 -0.9880 -0.2529 2.4924 -0.1747 0.3778 0.3464 1.9349 0.0456 0.1098
-1.4269 -2.9728 -0.3020 0.1944 1.0495 -0.3934 -0.6522 0.6117 0.8800 0.1985 1.5631 -0.1523 1.0822 0.1378 0.5003 0.3993 0.4889 0.1292 -1.6656 -0.7374 -0.1371 -0.0360 -0.2074 -2.1883 -0.2244 -0.9622 0.3548 -0.9085 0.5629 0.9550 0.3889 1.1079 0.7744 -1.2341 1.6602 0.5670 -1.8502 -0.8472 0.3965 0.6716 -0.0345
-0.4066 0.4326 1.3039 0.0156 -1.6549 -0.1498 -3.3171 -0.8039 -0.8746 -0.1496 0.0621 1.0811 0.2264 -2.3831 -0.8455 1.4921 -0.6614 -0.2620 -0.6583 -1.1222 -1.1168 0.4093 -0.2105 -0.1665 0.7750 1.1127 0.5082 -0.0008 0.4525 -1.8832 -0.0164 -0.2977 -0.1809 -1.6094 0.2733 1.3796 0.4753 0.3942 0.0976 -0.5838 -1.5570
-1.3052 -0.5262 -0.1381 -1.5401 1.4635 1.0030 -1.4758 0.1819 0.3744 0.0164 1.3892 -0.0376 0.4967 -2.2392 -0.5464 -0.9333 0.8896 -1.0759 1.2372 0.6634 0.2288 -0.5679 0.0624 -0.3412 0.2176 -1.0481 -1.4415 -0.5608 -0.9937 0.0605 0.5132 -1.0043 1.4437 1.3735 -2.0889 1.2813 0.5242 -0.0727 -0.0151 -1.3027 -0.6151
-0.4570 2.0198 0.3876 0.4427 -0.6802 0.7167 0.9498 -0.1439 -0.5354 0.0836 0.9151 0.4040 0.8283 0.7452 -0.1517 -0.0177 -0.9452 -0.5706 0.7350 -0.2788 -1.6760 -0.0741 1.3454 -1.4238 0.9160 -0.2319 1.5897 0.1342 -0.9633 0.5684 1.1249 0.2218 1.0226 -0.7891 0.2750 -1.4983 -1.4550 -0.7479 0.1956 0.0320 -0.2878
0.4967 -0.0295 -1.1617 0.9665 0.8583 0.7969 0.6534 -0.2991 -0.1718 -1.3834 0.5621 -0.2392 -0.3501 -0.7279 0.5049 0.0351 0.3716 -0.2545 1.0537 0.5453 -0.3988 -0.8073 -0.8992 0.5894 -2.2608 -0.6825 -0.5423 0.2388 -0.6578 -0.2290 -0.8489 -1.2299 0.2427 0.1005 -0.7837 -0.1126 -0.3324 1.5761 -1.1914 -1.4769 1.1999
1.8899 -0.2930 0.2004 1.4861 -1.5380 0.3372 1.0707 -0.7399 -0.5612 -0.0948 -0.5564 1.4095 0.8679 1.9857 -0.3468 -1.3240 -0.6847 -0.3887 -1.5203 -0.7850 -0.7541 -1.3741 0.0882 -1.1952 0.9735 -1.4071 -0.1754 0.5559 0.6673 1.3273 -0.1300 0.7759 0.1557 1.1899 1.5002 1.1459 -0.8826 0.2324 0.4486 -0.9569 0.4124
1.3092 -0.3606 -0.6398 -0.6906 -0.6493 -1.3880 -0.7299 -1.7694 -1.1322 -0.0283 -0.0076 1.1302 -1.7760 0.4776 0.2274 -0.4560 0.4696 2.5635 1.5303 0.1886 0.4862 -0.1817 0.4127 -0.6765 0.3850 -2.8556 -0.4967 0.2141 -1.2291 1.2776 0.4245 -0.1171 -0.7415 -1.2307 1.7131 0.5645 -0.3761 -0.8020 -0.6868 1.3647 -1.2607
-0.6492 -1.4732 1.7811 -0.8744 -0.5517 1.5859 -0.1314 1.5404 -0.4698 -0.2799 -1.1798 0.4908 1.3499 -1.5238 0.4662 0.1464 0.7047 -0.9673 -1.0146 -1.1861 -0.5734 -1.0364 1.1904 -0.3212 -0.6126 -0.7546 1.1756 -0.7621 0.9674 0.0478 1.7638 0.1859 -0.5522 0.4971 0.2863 -1.8933 -0.0664 -1.3554 0.4453 0.6990 1.8397
1.2209 1.1000 -1.5515 0.5666 0.0792 2.1308 0.2132 1.0532 -0.8368 -0.8022 -0.8407 -0.0529 -1.9856 0.9184 -1.9749 0.3319 0.0621 0.4982 -0.3333 0.6249 -1.3132 -1.0364 1.2185 1.5231 0.7416 0.2218 0.8869 0.5944 -0.6850 -1.0394 -0.3992 0.1128 0.5138 -1.0142 -0.1624 1.3561 -1.0982 -0.8484 -0.1757 -0.4727 -0.1254
-1.0326 0.1378 -0.8881 -0.5074 -0.3371 -0.0039 0.2503 0.6413 0.1433 -1.1860 -0.9737 -0.5045 -0.5585 2.0350 0.3552 -0.4831 0.8921 -1.8477 1.6698 0.0734 -0.8705 -0.7611 -1.2458 -0.5916 -0.0449 1.2860 -0.2158 -0.1945 0.3974 0.8890 0.7598 0.7040 0.2646 1.0645 0.3839 0.0140 -0.8290 0.7651 0.2912 1.0821 -0.2768
1.2133 1.4351 0.2426 0.3265 -0.5279 1.0124 -2.0341 2.1996 0.9780 0.4103 0.7460 1.7845 -0.6776 -0.1582 0.0218 -1.4643 -0.8522 -1.3794 -0.0374 -1.7612 -0.6199 1.2450 -0.1621 -1.3132 0.3164 -0.7330 -0.1276 -0.1767 -0.4165 -2.3678 -0.0800 0.7909 -1.3686 -2.0791 0.3190 0.1870 0.0350 -0.1025 0.5382 -0.4076 1.8969
0.2298 0.7781 -0.2174 -0.6905 0.1680 0.7777 -0.1913 0.2209 0.0100 0.7432 -0.6220 1.2023 -0.0888 0.5860 0.5733 -0.6438 0.6147 -0.5434 -2.4460 0.1052 -0.9108 -0.8330 0.3542 -0.5591 -0.3129 -0.6762 -1.5485 0.6017 -0.8100 0.6172 -0.9055 -0.6690 0.9197 -1.1954 -0.5042 0.1099 1.9690 0.8998 0.6160 0.3409 0.0043
0.4949 -1.0251 -2.8494 -1.0625 -0.7108 1.1100 -1.0860 -1.0789 0.6999 0.6504 -1.9797 -1.2613 -1.1956 -1.3884 -0.9971 0.1771 0.7094 -1.3332 -0.2877 0.7167 -1.0482 -0.2937 0.7195 0.0278 -0.3237 1.1208 1.0557 1.4329 -0.7477 0.0220 0.4446 -0.9331 -0.4657 0.6794 0.8401 -0.4019 0.3859 0.3323 -0.6002 0.1296 0.1433
-0.4896 2.0446 0.5570 -0.8682 0.7058 -0.1116 -0.5063 0.5254 1.2006 0.2306 -0.5243 0.1859 0.8652 -1.2559 0.3699 -1.1410 0.6232 1.7970 0.0026 1.3659 1.7838 0.3141 -0.5227 -0.3625 0.9144 -0.4138 0.8248 -1.6133 -1.1116 0.2174 1.5707 0.5589 0.1359 -0.2939 0.6781 -0.2580 -2.0924 1.2621 -0.0866 1.1430 -0.6548
-1.0446 -0.2221 -0.0971 0.0041 1.3335 -0.6249 0.1673 -0.6302 0.2450 0.4009 -0.1226 -0.3932 0.6230 -0.1061 0.1781 1.3590 -0.8849 0.5622 -0.2270 -1.6347 1.5685 -0.8649 -0.0686 0.2242 -0.1642 -0.1192 -0.4381 0.2045 1.3397 0.0539 1.0427 1.8012 1.4789 -0.5830 -0.5412 -0.7071 -0.4839 -0.6103 0.7748 0.0855 -1.1315
-1.6097 -1.2146 0.9168 -1.1398 -0.7348 -0.2266 0.9003 -0.5524 0.1244 0.5114 -1.1316 0.0579 1.2908 0.0440 0.6434 1.4522 0.3959 0.0667 0.4579 0.1118 -0.0051 -1.9909 -0.2398 -0.6663 0.2472 1.5916 2.1927 1.3231 0.0135 0.1972 -2.5715 -1.4198 1.5774 -0.0172 1.3148 0.2767 -1.2160 0.4985 -0.3820 -0.0948 2.3651
-1.2548 -1.0187 0.6953 0.0250 -0.2016 0.0449 0.6068 0.1457 1.1620 0.7628 -1.1547 -0.1164 0.2407 -0.3152 0.1084 0.0178 -0.0324 0.0401 0.0194 0.7278 -0.3735 0.4807 0.7107 1.6573 1.6547 -0.5164 0.8416 1.0355 -0.3578 2.0728 -0.4672 0.2336 -0.1838 1.5120 0.7549 -0.3854 -1.2298 0.0964 -1.6436 -3.1283 -0.7125
-0.2283 -2.2742 0.7817 0.5237 -0.8819 -0.6673 -1.9217 0.2776 -0.8431 1.2966 0.4059 1.5018 -1.6187 -0.3928 0.3069 -0.8743 2.3877 0.6493 1.3444 1.0380 -0.4697 -1.0199 -0.7613 0.7567 1.5535 -0.0824 -0.7967 -1.3381 -0.7007 0.0266 -1.3801 -1.5175 0.6878 1.1062 0.7359 1.1519 -0.1012 -0.1144 -0.4453 -1.1556 0.0030
-0.4424 0.6834 -1.0347 0.3491 -0.6954 0.2114 0.6571 0.4005 0.0808 1.0907 -0.1191 0.0578 0.2094 0.2117 0.9136 -0.9975 0.9745 -0.1599 -2.0128 -0.5425 -0.4000 -1.6272 0.2554 2.0617 1.1592 0.0553 -0.2396 0.7970 0.0295 -0.2734 -1.1701 -0.1525 -0.2345 -0.9297 0.5082 -0.0691 0.6056 1.5052 -1.4363 -1.5013 -0.3546
1.0183 -0.5728 0.6933 -0.1695 0.5708 0.0448 -1.2349 -0.4994 -0.1968 0.7291 0.1888 -0.6864 -1.1466 -0.2501 0.7495 0.0965 1.0787 -1.6746 0.8847 0.4188 -0.7550 0.2736 0.5952 0.5831 -2.5458 0.4311 -0.7853 -1.0897 -1.5912 -0.6446 0.6993 -0.6428 -0.3957 0.9979 0.7089 -1.2727 1.2762 -1.0091 -0.7417 -0.0748 0.1107
-1.4570 0.4689 0.7387 0.2323 -1.1897 0.5356 -0.0535 -0.8228 0.0961 0.5798 -0.0222 -1.0039 0.6178 -0.7680 0.5361 -0.2409 -1.4924 0.3516 -1.5610 -0.8086 -0.0835 -0.5430 -1.2234 -0.4857 -0.3603 -0.9320 -0.7875 -1.6629 1.1157 0.5950 -0.7648 -0.8291 0.9958 1.3056 0.4661 0.9413 -0.2124 0.0265 -0.4939 -0.5458 0.1774
-0.3037 -0.1763 1.1507 0.6790 -0.9225 0.1969 0.0842 0.0064 -0.5375 0.5108 0.0290 -0.4747 2.0807 0.5370 -1.1752 0.3223 -1.4558 -0.5133 1.2465 1.6287 -0.6302 -1.5707 1.0209 0.9360 0.1878 1.0561 -0.0377 0.1254 -0.8953 1.5694 -0.5487 0.3042 -0.1642 -0.0480 1.2554 0.1933 0.4003 -1.8880 0.2030 -1.1267 -1.7999
0.9896 -0.5118 -0.2956 -1.5296 1.0160 -0.2489 0.4839 0.1179 0.3212 0.5417 1.2282 0.2497 -1.5939 0.2776 -1.8912 0.3429 -0.4380 -1.2392 -0.0161 0.7449 0.1470 0.8981 -0.6812 0.0841 0.3917 0.4448 -0.1400 2.3701 -0.4229 0.2954 -1.4866 -0.5657 0.3085 0.8536 1.7481 -0.1873 -0.0498 0.3968 0.9603 0.3896 -2.4726
2.6681 -0.2370 -0.0559 -0.1656 -0.6207 -0.3916 0.3733 0.0286 -1.8609 -0.6087 -1.3361 0.2785 1.7959 1.4410 -0.6258 0.0976 1.5904 -0.5424 -0.4169 -0.5153 0.6715 0.0770 0.2395 -0.1652 0.6621 -0.1075 -0.4100 -0.8169 -0.2061 0.6617 -0.2568 -1.4060 0.1011 -0.2254 0.6678 -0.9669 -1.6811 0.3408 0.3953 -0.1149 1.2137
2.6112 0.1677 -1.5594 0.0943 0.4207 0.0103 -0.9368 0.4369 0.3567 2.1090 0.2800 -0.3061 -0.6579 -0.4009 0.4452 2.2724 -0.8203 1.1008 1.3143 -0.2756 1.7359 -1.8181 1.9027 0.4816 -0.0055 1.1445 2.0167 1.8601 -1.2966 0.4396 -1.0697 1.2648 -0.8444 -0.6913 -0.5223 1.0091 -0.7628 -1.3324 0.0928 1.8507 -0.6310
-0.4074 0.4944 1.4124 -0.7623 1.4236 1.5621 -0.0319 0.6185 0.6343 1.7737 0.2783 -0.0729 -0.5991 -1.7030 0.1682 -0.0260 -0.1058 0.9570 1.0345 0.2103 0.5253 0.2787 0.0961 -1.4191 -0.9489 0.7943 -0.3185 1.9622 1.3626 0.6603 -0.7409 2.1462 -1.0661 -0.0311 0.3060 0.1999 0.8312 -0.3124 0.4235 -0.7823 0.0840
-0.5022 -1.7953 -0.1026 1.7978 1.6165 -0.2619 0.4060 1.9862 -0.6859 -1.0298 -2.4376 3.1539 1.3513 0.3449 -1.6172 1.0184 -1.1791 1.9793 0.3259 1.6540 -0.2100 0.8124 1.2521 -0.0023 -0.0407 -0.3997 0.6247 1.3725 1.6642 -0.4467 0.6861 0.1599 -1.8785 -0.3556 0.4231 -0.5442 -0.5974 2.2542 -0.0941 -1.1590 -0.1005
-1.2837 -0.7216 -0.1534 0.1605 -0.7225 -0.4791 0.3162 -0.3824 0.3862 -1.0397 -1.0900 -0.7597 -0.7762 -0.6044 -0.8235 -0.5858 1.3632 0.5672 0.8195 0.5638 0.3446 -0.9645 0.7677 -0.1489 -0.1993 1.7121 1.1362 1.7379 -0.0598 -1.0485 -2.1378 -0.6280 0.3164 0.2434 0.4663 0.7038 1.0655 -1.7720 1.5730 -0.4838 0.8424
-0.6273 -0.9282 0.4537 -0.0957 0.1413 -0.0745 -1.2137 -0.0829 0.4729 0.9624 -1.2636 -1.5064 -0.6054 -1.5951 -0.5787 0.5121 -0.8456 1.3476 1.3760 0.3776 -0.5187 0.2636 0.6000 0.6782 1.2155 0.2391 -2.2053 -0.4262 -0.1031 -0.9005 -2.3343 0.4677 1.4448 -2.0957 0.7655 -0.3420 -0.8658 -0.6229 -1.5511 1.5709 0.8343
-1.6817 -0.9067 0.0710 1.2257 2.3884 -1.5188 -0.1794 1.1623 0.2630 -0.7282 -1.6316 0.4864 0.0935 0.5515 1.4324 -1.2875 1.3547 -3.0332 -0.7968 -0.4295 0.1590 1.5573 0.6573 1.0175 0.2209 -1.4126 0.3945 2.1151 1.2122 -0.6402 -0.2858 -0.9081 0.4824 -0.8202 -0.8614 -0.5988 -3.7424 -0.4042 -0.8823 1.7427 -2.0920
0.0255 1.9369 1.0325 0.6385 1.0570 -0.9333 -0.5990 -0.7380 -0.3496 -1.9886 -0.0827 -1.2941 -0.1024 0.3090 -0.0441 0.3191 0.1388 1.5541 -0.4346 1.4156 -0.3990 1.3890 -0.8645 -0.5531 0.8309 -0.3961 -0.1450 0.7562 0.3069 -0.4678 -1.1029 -0.6094 0.0387 2.4356 0.1272 0.1525 0.2309 0.4398 -1.5809 -2.7670 -0.1809
1.3688 1.0131 0.5912 0.6523 0.5816 1.4713 0.5304 0.1147 0.5079 -1.3361 0.0741 0.3827 1.1068 -3.0046 -0.5019 0.7043 -0.1379 -0.1275 -0.0052 0.1386 -0.6215 0.3213 0.9031 2.0139 -0.0212 -0.9627 0.2438 0.6555 0.3599 -0.7471 -1.4217 -1.2279 1.5186 0.3637 0.5172 -1.0170 0.2414 0.2953 -0.1896 -0.7258 0.0954
-0.4983 0.4085 -0.4744 0.3250 -0.4159 1.1483 -1.6520 -0.0663 0.6818 0.5306 -1.0751 1.5397 0.1434 -2.3778 0.2431 2.0697 -1.4895 -0.0891 0.2935 -0.1578 1.4130 0.3894 -1.0043 0.8626 1.1737 0.0012 1.5745 0.0649 -0.2201 0.0283 0.5403 -0.4398 0.2893 0.8742 0.5811 0.2337 -1.1227 -1.4691 0.7685 0.7018 1.9325
