12
-1.5105 -0.4075 -0.5709 -1.0206 0.2679 0.7078 1.2575 0.4991 -0.8501 0.5784 0.2442 0.9469
-0.5535 1.1043 -0.3536 0.2637 1.7000 0.4920 -0.1112 0.9560 1.4438 -0.8051 -0.8923 -0.9984
-0.4287 -2.1963 0.3835 1.5858 1.2737 -0.2607 -0.3187 -1.0259 0.5855 0.4823 0.2224 1.2723
-1.0062 -0.0065 0.4548 1.3818 -0.0600 -0.4088 0.5083 1.2463 0.1325 -0.0702 2.5305 -0.5139
-1.1712 -2.0063 0.0776 -0.1719 0.5841 -0.2266 -2.2181 0.5841 1.9237 0.9958 0.6139 2.7302
1.0266 0.6805 0.2137 -0.3170 0.0911 -0.9774 -1.5590 1.7187 0.3354 0.1089 -0.1831 -1.0583
1.0139 -0.8001 0.5528 -0.0889 -1.0888 0.9133 0.6557 -1.0530 0.1608 -0.3287 1.0884 2.2642
-1.7927 0.7568 0.2221 -1.0247 1.0968 -1.7475 -0.4002 1.5730 1.0336 0.0243 -1.2938 -0.9009
-0.2627 0.1564 0.0378 0.4150 1.4506 -0.2682 1.5718 -1.1263 -2.2575 -0.2668 -0.1313 -0.1149
-0.9032 -0.4856 0.6514 -1.0006 0.5570 -0.7159 1.3457 -1.3391 1.5477 -0.5634 -0.4460 -1.7067
1.9201 0.1553 -0.1921 -1.1977 1.3332 -0.9775 1.2466 -1.1110 0.8553 0.4371 -0.0940 0.4491
0.0671 0.2567 1.2217 0.9700 1.2336 0.4590 0.4715 1.4804 0.3306 -1.9648 -1.9263 -0.0279
