11
0.1285 -1.2637 -1.3381 1.5576 -0.6728 1.8622 0.1298 -0.0143 -1.2796 0.4843 -0.3535
0.8812 -0.4169 0.5756 -0.9986 -0.7034 -0.0888 -0.7024 -0.2422 0.4697 1.4292 1.2480
-0.2428 -1.8223 1.0599 0.5842 -0.4320 0.5734 1.2061 -0.1175 -2.8934 -2.3640 -0.1034
3.4627 -1.6053 -1.6651 1.5804 -1.6684 0.0751 -0.6040 -1.4009 -0.2610 -0.0730 0.2292
-1.0633 0.3558 0.1470 0.4929 -1.0001 -0.7945 0.9320 0.0168 -0.1949 1.2522 0.0977
-0.0590 -0.0648 1.8722 0.1748 0.5438 -0.2465 1.6049 0.2934 0.2141 -1.1744 0.7055
-0.0312 -0.7552 1.0532 -1.4132 -0.4050 -0.7166 -0.6495 -0.3544 -1.4448 -0.9861 0.1313
-1.1241 -0.6473 -0.3441 -1.4529 -0.7857 1.0860 -0.4320 0.7383 -1.2196 0.3825 0.5317
0.5215 0.2212 0.8447 -0.6685 -0.3725 1.0714 -0.5100 3.3028 0.2356 0.4837 1.2985
-1.1487 0.3211 -1.8431 0.7862 2.5106 0.4827 -1.1217 1.9533 -1.2157 0.5539 -2.4483
1.5099 -2.9949 1.8000 0.3939 0.0771 1.7023 -1.1901 1.2479 0.3760 0.6322 -0.6238
